peptide,mhc_class,mhc_restriction
VEATFGVDESNAK,I,
GTFIIDPAAVIR,I,
TPVISGGPYEYR,I,
GTFIIDPGGVIR,I,
YILAGVENSK,I,
GAGSSEPVTGLDAK,I,
TPVITGAPYEYR,I,
LGGNEQVTR,I,
AASYYAPVR,I,
LFLQFGAQGSPFLK,I,
GLDAASYYAPVR,I,
VEATFGVDESNAKT,I,
ADVTPADFSEWSK,I,
PADFSEWSK,I,
FIIDPAAVIR,I,
DVTPADFSEWSK,I,
TFIIDPAAVIR,I,
YLIGKESQV,I,
TPADFSEWSK,I,
LGGGGEARGGTV,I,
AGSSEPVTGLDAK,I,
GAGSSEPVTGLD,I,
ATFGVDESNAK,I,
TFGVDESNAK,I,
IIDPAAVIR,I,
VITGAPYEYR,I,
VISGGPYEYR,I,
FIIDPGGVIR,I,
LAGNEQVTR,I,
LAGVENSK,I,
DGLDAASYYAPVR,I,
VTPADFSEWSK,I,
PVTGLDAK,I,
VNVPKTRRTF,I,
QSPSANVL,I,
ADVTPADFSE,I,
PVISGGPYEYR,I,
FGVDESNAK,I,
GLDAASYYAPVRA,I,
ADVTPADF,I,
SSEPVTGLDAK,I,
NAAPGVDL,I,
GGNEQVTR,I,
AQGSPFLK,I,
SESPIVVVL,I,
PVITGAPYEYR,I,
LDAASYYAPVR,I,
GSSEPVTGLDAK,I,
FTEPGAGLRAL,I,
SEPVTGLDAK,I,
VAVNNPKKQE,I,
DGLDAASYYAPVRA,I,
AVFPSIVGRPR,I,
DAASYYAPVR,I,
SVRYSSSKH,I,
ASYYAPVR,I,
HLETYRRPE,I,
GAQGSPFLK,I,
LETYRRPE,I,
AASYYAPVRA,I,
LQAGASQFETSAAK,I,
GTFIIDPGGVIRG,I,
HPPPPPPPP,I,
GAGSSEPVTGL,I,
ILAGVENSK,I,
IFGALIFK,I,
SDAAVDTSSEITTK,I,
AEPAVQRTLLEK,I,
IIEPSLRQL,I,
PEAFPALA,I,
LHAHKLRVD,I,
PKFEVIEKPQA,I,
EPVTGLDAK,I,
FLQFGAQGSPFLK,I,
IIEPSLRQLAQ,I,
TFIIDPGGVIR,I,
VNLGGSKSISIS,I,
IIEPSLRQLAQKYN,I,
GEVAPDAKSFVL,I,
GPPGTGKTLL,I,
LGEGPRMV,I,
PGLARQAPKPRKQ,I,
LHVDPRKSN,I,
KTQPSSQPLQSGQ,I,
SAKSRTIG,I,
PLDSTSRIMD,I,
AEPSAATQSHS,I,
VKLAKAGKNQGD,I,
PAGVPMSTYLKM,I,
PDSYHRRDFW,I,
APPPPPPPP,I,
AKDVKFGADARA,I,
FGAQGSPFLK,I,
RNVSTGDVNVE,I,
YLPPTDPRMSV,I,
SMMPPPVGMVA,I,
KLFVDTDADTRL,I,
SEVVAGIPRT,I,
IIDPGGVIR,I,
QAQKAEGAGDAK,I,
TDQAQKAEGAGDAK,I,
AEAEPEPEL,I,
AGSSEPVTGLD,I,
SLGPSLATDKS,I,
ITGAPYEYR,I,
LQFGAQGSPFLK,I,
REEGTPLTL,I,
KEETQPPVAL,I,
LGDGPKLV,I,
KKRKGQVIQF,I,
PEPAKSAPAPK,I,
LYPASRQAAGIPG,I,
LYLGVKTND,I,
PVNFKLLSH,I,
NEFPEPIKL,I,
SISISVARG,I,
KESSTVFEL,I,
PLPDEKTKK,I,
SALSDLHAHKLRVD,I,
PSPPPPPPP,I,
GLEDEQKM,I,
SKSISISVARG,I,
SVGESSSKGP,I,
KESEVFYEL,I,
GPPGTGKTL,I,
VAGVMPGG,I,
DDSVVEKSLKS,I,
QFGAQGSPFLK,I,
SPPPPPPPP,I,
FAPVNVTTEVKS,I,
ADIQTERAY,I,
SGGPYEYR,I,
AAAAVVEFQRAQS,I,
SEFKGDLETL,I,
DTGRPSTTVR,I,
GAGGGFGSR,I,
TEAPLNPK,I,
AAAAVQGGR,I,
GSGSGWSSSRGPY,I,
RNVSTGDVN,I,
SSSGLNSEK,I,
VGVKPVGSD,I,
VVRHQLLKT,I,
VLYDEIKKYT,I,
APAAGEDA,I,
DDSVVEKSLK,I,
PDKISGADINSI,I,
EHAPSIVFID,I,
TEPLPEKTQESL,I,
YDSNSGGEREIQRT,I,
SLVNLGGSK,I,
GDAPSPEEKLH,I,
RIAGQVAAANKKH,I,
GELGNGNIKL,I,
IYKGPGSEAGP,I,
EHAPSIVFI,I,
GEVDPKVAL,I,
STGPTAATGSNR,I,
AGSSEPVTGLDAKT,I,
PIPEDEKKE,I,
GDAPSPEEKLHL,I,
VDLEETGRV,I,
RETGVIEKL,I,
IIQSIRMGM,I,
REFIAPVTL,I,
AVKPKAAKPKT,I,
PPRAAVPD,I,
GLGSGGSIR,I,
SDLHAHKLRVD,I,
REIDVRIDRNA,I,
VDKVLERDQK,I,
ISGGPYEYR,I,
REIQTAVRL,I,
LKASAPAPGHH,I,
TNRIDILDS,I,
PLPPPPPPP,I,
AEEQVNRSAG,I,
TPVITGAPYEY,I,
KEIDKEEHL,I,
AEAKEKIYL,I,
FRVPTANVS,I,
AEFDDRRGVL,I,
ASNVTNKTD,I,
VGSEFVQKY,I,
KESTLHLVL,I,
FAGDDAPRA,I,
GEGKPTPAL,I,
IIEPSLRQLAQKY,I,
KIEFPLPDE,I,
AGPESDAQY,I,
AAKPKVVKPK,I,
GEVPGSAVL,I,
GESDDSILRL,I,
AAEDVVATGAD,I,
EAVGTGVR,I,
GLARQAPKPRKQ,I,
SSGSVGESSSKGP,I,
GSVGESSSKGP,I,
SSSKGSLGGGF,I,
DPAILRPGRL,I,
REWKGIDRL,I,
REAVPEPVL,I,
AAAQEADGARSA,I,
GAGSSEPVTGLDA,I,
PEPAKSAPAPKKG,I,
GEIGTKTTL,I,
LLDVPTAAV,I,
AAGPPISEGKY,I,
LLGPRLVLA,I,
PEPAKSAPAP,I,
ATPFLVVRHQLLKT,I,
GSKSISISVARG,I,
TPVISGGPYEY,I,
NAGEDPGLAR,I,
QRSLGPSLATDKS,I,
KASGPPVSELITK,I,
SLGGGFGGGSRG,I,
GAGGGFGSRS,I,
SKSISISVARGG,I,
TPVISGGPYE,I,
AVEAKKTYVRD,I,
GPGGYPGGIH,I,
DGFDSRGDVKV,I,
SVRYSSSKHY,I,
APSIIFMD,I,
PAGVPMSTYLK,I,
QKENAGEDPGLAR,I,
KEYVGIVRL,I,
SSSGSVGESSSKGP,I,
PDPAKSAPAPK,I,
AAAKVALTKRAD,I,
AALRPLVKPK,I,
YEDIAQKS,I,
NVKVDPEIQ,I,
SGGSIRSSY,I,
ALGVGGSK,I,
ILDKKVEKV,I,
REAFLVNSDL,I,
GAAPAGGPA,I,
GSELIQKY,I,
TKAVTKYTSSK,I,
GSAVISLEGKPL,I,
DAGAGIALNDH,I,
GVDIRHNKD,I,
YRQLFHPEQ,I,
LAIESQDAGIKT,I,
GGFGGGSFRGS,I,
AENKDEIAL,I,
GEARVGSEL,I,
SRQFSSRSG,I,
TNRPDTLD,I,
SGSVGESSSKGP,I,
REFNEEGALSVL,I,
REIAQDFKTDL,I,
NAIGSASVV,I,
PENVAPRSGATAG,I,
GGGGGGLGSGGSIR,I,
GGGGLGSGGSIR,I,
PNIVIAKMD,I,
NVEIDPEIQ,I,
SLGGGFGGGSRGF,I,
PSKIQLPEDE,I,
TPLTSMVVTKPEDN,I,
GGPGGVGGL,I,
REEPEKIIL,I,
SEHGPNPIL,I,
RTQAPTKASE,I,
VSVSVSTSH,I,
AEAGPDFEL,I,
ADFAKVLEL,I,
VAETPDIKL,I,
LAQNYDIPNLAK,I,
VSVQRTQAPAVATT,I,
GEVDVEQHTL,I,
LQIDNARLA,I,
SYVTTSTR,I,
AEASVDPSL,I,
IRLENEIQT,I,
NLAENISRV,I,
REIEGDLL,I,
VGLGGTKSIS,I,
RVHVTQED,I,
GIQSLIGV,I,
SAPATGGVKKPH,I,
SEFAKDPSL,I,
RETEGGTVL,I,
GEDAPVRPL,I,
GSGSGWSSSRGP,I,
RESIPGVSL,I,
AEFRDYPPVL,I,
KEFDGKSLV,I,
KIGGIGTVPVG,I,
KEFNEDGALAVL,I,
SEVMGEPHL,I,
TLIDLPGITKV,I,
ASTSTTIR,I,
GETSTVEKL,I,
GPEAAKSDETAA,I,
REFEERRSL,I,
PEPSKSAPAPK,I,
REAESFTQL,I,
GEDRSPPTAL,I,
DIDHNKKID,I,
LEKGLDGAKK,I,
GEIDGNKVTL,I,
ISGGGSRGGGGGGY,I,
WEEERQPIL,I,
TPLTSMVVTKPE,I,
FNEKSKEL,I,
GEFGGFGSV,I,
ESVGKGAVHDVKD,I,
REISDHVL,I,
FVIDPVRNL,I,
SLGGGFGGGSR,I,
FAGDDAPR,I,
VEDLESVGK,I,
ALAPGLPTA,I,
ASGADSKGDDLSTA,I,
KEDRPITI,I,
FTSVSRPGR,I,
SESSVKVRL,I,
REIAQDFKTDLR,I,
GGGLGSGGSIR,I,
SGFTNTMRVVPVP,I,
IAVGKGSSL,I,
KEANAISVEL,I,
HETKAGPERL,I,
LVVRHQLLKT,I,
MREDVISSIRN,I,
REIFRNEKL,I,
REIQDDMQTL,I,
LEKGLDGAKKA,I,
AESHIILVL,I,
AIVDKVPSV,I,
LLLPGPSAA,I,
ITAPPSRVL,I,
NTIDPSHPM,I,
GIDSSSPEV,I,
SIYPSPTGV,I,
AESRAEKNRL,I,
KEIDKNDHL,I,
SEDPSHPSM,I,
AAAAAAAAA,I,
ASSPEHPEL,I,
SEIKGEVL,I,
ASVPAGGAV,I,
RVIGTLEEV,I,
AEAKKIERL,I,
YADVGGKQF,I,
GSHSMRYFSAA,I,
VLLKARLVPA,I,
TSSPSILTL,I,
SEDEPTRSL,I,
REDITEPAI,I,
KIAPNTPQL,I,
AAAGPGAAL,I,
NQFPGFKEV,I,
KIYEGQVEV,I,
TIMPKDIQL,I,
GEYFPGTGDL,I,
ILDQKINEV,I,
SEHGINIDL,I,
RLFDEPQLA,I,
AEITDKLGL,I,
SAAFPGASL,I,
AEAAVVAVA,I,
TIIDKSKSV,I,
LADDSVRSL,I,
YETEGIRGL,I,
GEHGLIIRV,I,
IEVDPDTKEML,I,
GLNEEIARV,I,
AEISQPPAL,I,
GESSGKNVTL,I,
AAAPPAKEI,I,
YIKDGITRV,I,
ILTDITKGV,I,
AELTGDHQL,I,
RIIDVVYNA,I,
TEVGEKIAL,I,
VTVPPGPSL,I,
SEAKGLVTL,I,
GEVREDLRL,I,
SEAEPGGGSL,I,
GLATDVQTV,I,
GEITGEVRM,I,
VEVSIPAKL,I,
AAEEGLREL,I,
RELAEDDSIL,I,
RETVSEESNVL,I,
KEEPPQPQL,I,
GVGPVPARA,I,
KLGSVPVTV,I,
RENPTGVVL,I,
TIDPNTRTL,I,
NAIEGGTQL,I,
KLGEIVTTI,I,
GEVPVHKL,I,
REDNQTNRL,I,
HLGPEGRSV,I,
KLDVGNAEV,I,
REDLESSGL,I,
GEAPPGTPP,I,
VSDFGGRSL,I,
SEFPIRTL,I,
SEAGSHTL,I,
SEGLPEPVL,I,
AETPDIKL,I,
AEDTPVVQL,I,
KEFEGKTLV,I,
STVAPGSGL,I,
LVLAPTREL,I,
KEPVTPSAL,I,
AEKVEIATL,I,
IAIIPSKKL,I,
TIPEAFRGV,I,
HENEDIYKL,I,
GEVGKTTGI,I,
RMLPHAPGV,I,
FIAPTGHSL,I,
KMDPIISRV,I,
RVADYIVKV,I,
AEEDFYEKL,I,
AEVEPGVHL,I,
SLAEPRVSV,I,
KEFMPPGLQEL,I,
REEIKPIRL,I,
SMRYFFTSVSRPGR,I,
KELEAFREEL,I,
KEAPPPVLL,I,
SLAGGIIGV,I,
SAQGKPLAL,I,
KEPEINTTL,I,
ATDPSARTL,I,
KEPDRIVGEFL,I,
VAAPPPKNSF,I,
AEAMKAPEL,I,
ASGPPVSEL,I,
YSDDIPHAL,I,
GETSKGDEL,I,
VEIEERGVKL,I,
GVYGDVQRV,I,
RESLPIYKL,I,
SEYPIVDGKL,I,
FSAGEPRVL,I,
SEDGDAHVL,I,
VMDSKIVQV,I,
REGSASTEVL,I,
GEFADPFKL,I,
SLPKGVVEV,I,
SEAGSRIVL,I,
HASDRIIAL,I,
YLDPAQRGV,I,
ITAPPGTAA,I,
RETLQQHKL,I,
RENLEEEAIIM,I,
KSVDPTLAL,I,
FSGAGQRL,I,
TAAPVPTTL,I,
TENNDHINL,I,
RESPRPLQL,I,
SEVGTDHKL,I,
SAAPPGASL,I,
FNDPNAKEM,I,
SEEPGHFSL,I,
KVAPAPAVV,I,
SAMEVVPAL,I,
GETGTLVDM,I,
AEKREHEKEVL,I,
GEAQVGKTSL,I,
GAITSGSSV,I,
AETGSGKTL,I,
RELPGHTGYL,I,
HEADVDVLM,I,
RIADQFLGA,I,
AEIKDGERL,I,
GVLPNIQAV,I,
IEVDGKQVEL,I,
KEKYIDQEEL,I,
VVQGDPREL,I,
HAVGPSTSL,I,
AAAAVGGAL,I,
FFTSVSRPGR,I,
YQEKGVRVL,I,
RTLAEIAKV,I,
AEPDIIEQL,I,
IADPKTDHRL,I,
TLLSLRPSEA,I,
IADARRKEL,I,
HEAERNIAL,I,
TAASTSRSL,I,
REEPGTFSI,I,
AEIGAVTL,I,
GEGTGEVVL,I,
SEEERAHRL,I,
AEKLGETEKL,I,
VAEENTRVL,I,
KETGGVEKL,I,
RIMDPEIAL,I,
AAFAGRATA,I,
RLPDDDPTAV,I,
AEFVGVSHL,I,
SSVPRTAEL,I,
AEDGADPNL,I,
GEIPTYGL,I,
AEDGPGASL,I,
GEDGSGKTTL,I,
AEFHTELERL,I,
SLAKIYTEA,I,
SLSEKTVLL,I,
REFQNPPQL,I,
KEFEDKKVEL,I,
FASHVSPEV,I,
REGPFYPTL,I,
REEPDLVLL,I,
KEFPEKQEL,I,
AQAEVYKEL,I,
GLGPPGRSV,I,
RLPEAIEEV,I,
AAFPGASL,I,
SEEDRVVVI,I,
AAGPGFSL,I,
GLYSGVTTV,I,
MVIVPTREL,I,
AEEVGVEHL,I,
SLHDAIMIV,I,
AAGPGAAAL,I,
VEERPRTTL,I,
IIVDPAREL,I,
SAAPGTASL,I,
SLDGAPIGV,I,
SEILDGNQL,I,
GETGLGKSTL,I,
KEDPTSFRL,I,
FANGRSTGL,I,
GEVPFNHEIL,I,
YELPDGQVI,I,
GIPPAPRGV,I,
IEMNEPVQL,I,
AEANHFIDL,I,
ALGPTGRGV,I,
FLLPHSSRL,I,
REVQTNDL,I,
TVLERVEGA,I,
KEVNFTSEL,I,
REHVEAIKI,I,
LLPPPPRVGG,I,
GALGGSRAL,I,
HETVTIEL,I,
VADERTRIL,I,
NLDPAVHEV,I,
AESHPSSNLL,I,
SIDERMKKL,I,
YTIPPGHQV,I,
LEHVPDTVL,I,
ALSPNNHEV,I,
KINEAIVAV,I,
GEVPFNHEI,I,
KEAEKSPQL,I,
KEGLPTRAL,I,
SMSADVPLV,I,
KAMELIREL,I,
REPVQLETL,I,
GAVDPLLAL,I,
RENGQEILL,I,
IEYAKPTRL,I,
KVGPVPVLV,I,
AAAPGSRSL,I,
GESAVGKSSL,I,
AAAAAAAAL,I,
TTFPRPVTV,I,
KITEDFRAL,I,
IEEPSAKINVL,I,
LLMTSLTES,I,
EETQPPVAL,I,
FAVPENSSV,I,
MQYPGRSL,I,
AEINNIIKI,I,
SSAVPGTAL,I,
KEIEKDLRL,I,
REGDLLTKERL,I,
REDYPQKEIL,I,
FIAPSGHGL,I,
RLAVYIDKV,I,
GENSRNSIL,I,
SAAGPGFSL,I,
GEAPVPASV,I,
NMVAKVDEV,I,
AEFPLDPQL,I,
KETTIDGEEL,I,
KEEMGIGGVL,I,
REIGGIKEL,I,
VAEPNRRVL,I,
SEISSATKL,I,
AAEDAIRNL,I,
HEEQKSVRL,I,
RLNKVISEL,I,
REIEGRAIRL,I,
SEDRRQDLL,I,
GQIEVVPEV,I,
SVAGKIHTV,I,
EEEPGIHSL,I,
REFPEAEAL,I,
GEIVTEEHL,I,
GEISTIDKV,I,
GEGGSFGEL,I,
SEEPPGTEL,I,
TLPPESTQV,I,
KEVDPSTGEL,I,
AEFDTPGHTL,I,
REEPSNPFL,I,
SAMSNPRAM,I,
AALFPGEEL,I,
KLSEMSVTL,I,
TAFPQRTEL,I,
AEIPGVRSV,I,
GELIRPTTL,I,
REHDIAIKF,I,
HEGGPDSKL,I,
REEVGNISI,I,
SQDPGTHVV,I,
GEAIDRSLL,I,
RQFDHPHIV,I,
EVFKAAAVPV,I,
RAMEGELGEL,I,
NEFIDASRL,I,
REIEGDLLL,I,
GEHIIAGAGEL,I,
GLGAAAAAL,I,
REVLPSTRL,I,
SEEPAGQIL,I,
FQDPVPLTV,I,
RETHEIVAL,I,
ALLEGVNTV,I,
GATGATLYL,I,
SLTGTNHSI,I,
RELEETNQKL,I,
ALAPGVRAV,I,
TAAPPAQPL,I,
SAAPPGLEA,I,
KEPSGGGGTAL,I,
AASGGAKEL,I,
NEIVTLERL,I,
AAAAGGLAL,I,
IEGPIIKL,I,
REIDERNRP,I,
AERRQDIVL,I,
YIDEGRLVL,I,
SEFPAARL,I,
RLKGQIPEI,I,
SLDTQPKKV,I,
RETSMVHEL,I,
KEVDPSTGELQSL,I,
SILEDPPSI,I,
SESLPVRTL,I,
IADPRGNTL,I,
VILPTVHEV,I,
GEVQGDNKL,I,
TESTARVEL,I,
IEPGVSVSL,I,
FIEGGRTV,I,
TINGHNAEV,I,
IEEERPIRL,I,
GLDIPTVQV,I,
SLLDPVPEV,I,
VMAPRTVLL,I,
HEIHDPQHL,I,
GETSTDLKL,I,
AEAGAEARL,I,
FESSPDPEL,I,
AAVPRAAFL,I,
VGDPGQRTL,I,
VLIDYQRNV,I,
SEEGLRNAL,I,
GEVDDGARKL,I,
FLDNERHEV,I,
REGGSIPVTL,I,
REAYPEEAYI,I,
AEVDTRESL,I,
AEIDSIHQL,I,
REKEIKSEL,I,
REDSKPHSL,I,
KEIYNEKELL,I,
AEAGSRMDKL,I,
KELEANVL,I,
HEGTDVIML,I,
AEFKEAFQL,I,
SAQTGARAL,I,
SEIPDEVKL,I,
RTFEKIEEV,I,
REDEKPLVL,I,
EIDKEEHL,I,
TEIGKDVIGL,I,
NAEPEPRSL,I,
YSIGPNSKL,I,
GEIVEKIGV,I,
REPDQTFSL,I,
AEFLPDPSAL,I,
GELEKDPKL,I,
TETEPPVAL,I,
AEQPSVKL,I,
REATSTPEI,I,
LADPENRQL,I,
GEYAVHVL,I,
AAAPVPTTTL,I,
GLKNGVPAV,I,
KAVNPGRSL,I,
GELPAGGGL,I,
LADPSAKAV,I,
GELHGHFML,I,
HEPKLKVDL,I,
AESLPPPTL,I,
SVLGAITSV,I,
REGEGGLSL,I,
SEEERATRL,I,
KELERQRL,I,
VEDRSGILTL,I,
AEDRSGINL,I,
KIGEGTYGV,I,
SEIRGDVTI,I,
SEFLKEEKL,I,
SLFGGSVKL,I,
GEPGHGGDPGL,I,
KEAQPVVVI,I,
FVDDYTVRV,I,
GEPEKLGQAL,I,
REYQDLLNV,I,
EEEKFPTQL,I,
GAPPAARAP,I,
RLDDAIHVL,I,
KEGPEGANL,I,
KESGNSIVL,I,
AGAPAGQAL,I,
REAEVLPGL,I,
REPELGLEEL,I,
KEIGADLVL,I,
NLMEQPIKV,I,
SEFGAPVSV,I,
EEEPLHTIL,I,
KELGITAL,I,
AEPRGTITL,I,
GEGEPVTL,I,
REAGIQPSL,I,
GEKLPDVVL,I,
KEAAGEGPAL,I,
HESAVTGLSL,I,
KEAPNIVTL,I,
KEGNDKDFTL,I,
RLPPPFPGL,I,
GLSTEGIYRV,I,
REGGPGSSL,I,
RELGLPEEL,I,
GLDDIKDLKV,I,
SASGPHSSL,I,
KMDDIVVVA,I,
AENPDTPAL,I,
AEEPSRAVL,I,
QEFGADVRL,I,
GEYSGIEHV,I,
AESSPDPQAL,I,
KESLDQIIV,I,
SLLSHVEQL,I,
KESTAIIKL,I,
GEFDPSKERL,I,
SENPGEISL,I,
SEAVFKEEL,I,
SEDPDQQYL,I,
KEFDGKSLVSV,I,
SLAERVDRL,I,
VGMSPSSSL,I,
GEDGAGKTSL,I,
AEYKKKEEL,I,
AEIKDIGHL,I,
KETPDKVEL,I,
VVAPAGITL,I,
KEIEVGGGRKA,I,
FEHPNVVRL,I,
KLNDLIQRL,I,
KTLEGEFSV,I,
AEERPRIAL,I,
SLPEELNRV,I,
VEERPAVSL,I,
KEDEDDKTVL,I,
KVFDPVPVGV,I,
AAEKGVRTL,I,
GERRQDIVL,I,
SLDPKTNTL,I,
AASPSGSQL,I,
LEFLDRESI,I,
KEYIQPVQL,I,
GEFSEPVTL,I,
RETQGIEKL,I,
IIHDPGRGAPL,I,
KEKPGSEVL,I,
KEERGIARL,I,
GEIIGVKVL,I,
SAQTTSHEL,I,
REAPAEGKRL,I,
AEERRDVSL,I,
REFSKEPEL,I,
NEASVLHNL,I,
TLDAGNIKL,I,
KESSGLVLL,I,
VAVEPGAAV,I,
VEAGDAIAL,I,
RELEKLFQL,I,
KEEPVAPEL,I,
HLNSHVRQV,I,
SEFSGDVDSL,I,
RVSDINFTL,I,
KMAEMLVEL,I,
ASTPVAREL,I,
SEAPEAPLL,I,
TLTGKTITL,I,
REGSPVLL,I,
REAGDEFEL,I,
MRYFFTSVSRPGR,I,
VLAPTREL,I,
IESNHPIVL,I,
LIISPTREL,I,
GENVRGELL,I,
VEEGKISTSL,I,
SLLDKIIGA,I,
ILMEHIHKL,I,
GEVSARQEL,I,
SAVPSATSL,I,
HLDTDVKRV,I,
KEDSHPFDL,I,
KELPEYYEL,I,
SAVEPKTAL,I,
RAAEPLLTL,I,
GEDTPVTKL,I,
ALDSTNVEA,I,
RQPDSGISSI,I,
SEKGGEELL,I,
HEDPVIAVF,I,
TEHPVPIIL,I,
SESPGATEL,I,
AALGGALAL,I,
KEIDKEEH,I,
AEAPAGPAL,I,
IVIDPKNPL,I,
IEKEGEFTL,I,
AAVPSAGSV,I,
TEKAKEERL,I,
KEIGELTQL,I,
AVIGDVIRV,I,
MVVGTGTSL,I,
TSVSRPGR,I,
GEISDIHTKL,I,
IIVGNPKAL,I,
REELSNVL,I,
GEAAPAPGL,I,
SEAPSQPSL,I,
SLLKRLRKA,I,
NEVIVGNDQL,I,
REDGSIVIV,I,
GEEGYGRSL,I,
LLPEGPPAI,I,
FTDAERRSV,I,
ILEKKVEKV,I,
HEHRLPHVL,I,
GEIIPRSIL,I,
AEGKGDVIL,I,
REVGIPPEQSL,I,
GEERATAISL,I,
GLDPARVNV,I,
SEHPNVVL,I,
TEKPDTVQL,I,
GEIKSHDL,I,
TTLEQPPSV,I,
VEGDPIVAL,I,
HINDSAPEV,I,
YEGDNNILL,I,
EIDKNDHL,I,
SEDGDAHVLL,I,
GEPDRTSLL,I,
AEEPRGSSL,I,
ADPKTDHRL,I,
HEPFNDPAL,I,
LAVPDMSSL,I,
AEHFLEQQM,I,
TETPSPVL,I,
FADQEVRSL,I,
GEISSPVI,I,
VANPVPASL,I,
YLAPHVRTL,I,
KEGEEQPVL,I,
AESGAKEEL,I,
GEAKTDPAGL,I,
KLGPEGELL,I,
SESHPNSNLL,I,
AAGRPLEL,I,
TIDPIPHQL,I,
RAQRPRLQL,I,
RAVPVGSGL,I,
AAGPGAAL,I,
GAEGPTRTL,I,
AELEDQNKL,I,
TLDEKIEKV,I,
AEFGPDSGGRV,I,
REMNTEAEKL,I,
REPSNPERL,I,
RAIPNNQVL,I,
GELITQREL,I,
GEDPYPHKF,I,
AEYMPIKL,I,
ALRDVSEEL,I,
GEDREATGVLL,I,
TEEGQKIVL,I,
AVIPPGTGM,I,
SEPEIPEPSL,I,
KLCEGFNEV,I,
REKQPMVPESL,I,
KQVEEIFNL,I,
TLYEHNNEL,I,
TLFPSKIGV,I,
KEAFAKVDL,I,
REKLDKIGL,I,
AEVDKLELM,I,
SEDRSVQEVL,I,
GEEPGSQGL,I,
REVEIQSHL,I,
KTIETSPSL,I,
GEEVEVHNL,I,
KLLTEDSENQRL,I,
TEDDEYVRL,I,
REIDGGLETL,I,
HEAEVLKQL,I,
RELVEKNSQL,I,
GEPIGRGTKVIL,I,
AEEPAGTSL,I,
KEIFLRELI,I,
RLAPEIITA,I,
SETRVLVDI,I,
REPFPDGAEL,I,
YTSPNVRSL,I,
ALEPIDITV,I,
RMVGQVLGA,I,
AEHERELAL,I,
KEFKGDEIL,I,
TSVPPGSAL,I,
SAGEPRVL,I,
FAEGQGRAL,I,
REAEAAIYHL,I,
REVSEEHNLL,I,
SLFPGKLEV,I,
FGIDRPAEL,I,
REENKQIAL,I,
AAAPVVPAV,I,
KLDETGNSL,I,
GEITGEVHM,I,
VVKPPGSSL,I,
AVIEHLERL,I,
REVEARYAL,I,
GEMVALPPV,I,
VIADPRGNTL,I,
VTDHNLHEL,I,
REVSEEHNL,I,
TVADKIHSV,I,
KMADIEYRL,I,
REFDYVINDL,I,
GEAGPGGAL,I,
SEVQGMVEL,I,
SADERQRML,I,
GEVVEKLIRGL,I,
RSAPVSKTL,I,
ALFPERITV,I,
NVIERLQEA,I,
SEPSSTVSL,I,
RLDPHTLEV,I,
SESDKTAVL,I,
ALPPVLTTV,I,
AEFEKIQKL,I,
GETLPEQHL,I,
AAIHPSLEI,I,
SEDKKNIIL,I,
AAAGSPLSL,I,
AETDPGMVHL,I,
FAVVPSTAT,I,
GEAPSKTL,I,
KEWMPVTKL,I,
GEDGRMIAGQVL,I,
HEVRIQPSL,I,
SAAQPGVAF,I,
RLDETIQAI,I,
REISDGLVEI,I,
TESGLNVTL,I,
SLDQPTQTV,I,
REAGAGGLAI,I,
KEGGFPQEL,I,
AEFQEHEHAL,I,
REAPNPIHL,I,
SEPPSEISL,I,
MSSPLSKEL,I,
NSDPNLHLL,I,
RELIPRSIL,I,
SLTGRLDEV,I,
TAGRVLEL,I,
REYRPEYERL,I,
AENGLTVRL,I,
SEDGQPMVL,I,
KEEEPSVKL,I,
RLDDVSNDV,I,
KEINQNVEI,I,
KLGPAPKTL,I,
AEIDDRKQL,I,
SEAAPDPSL,I,
AAAPSPVL,I,
GELSIQPSL,I,
KEIELPSGQL,I,
GEDTIRQAF,I,
GEYLPSKGAGNNVL,I,
ALSKEGIVAL,I,
VEWNKKEEL,I,
KIWDPVHRV,I,
SSSPATSSL,I,
ALSDGVHKI,I,
KEFGDDKVQL,I,
GAIGSGTGI,I,
ALAPHLDDA,I,
GEYEKGVDHL,I,
RAIDSIHQL,I,
KIDDTIRYL,I,
GEGPLDVRL,I,
KVFDEVIEV,I,
TEDIPVKTL,I,
KEAGSIVRL,I,
VATEKAVEL,I,
KMDASLGNLFA,I,
SEEERQVGL,I,
TCGGVRNV,I,
KEKVEPEVL,I,
KMMDVTVTI,I,
RATPHPSEL,I,
REDTSLPSL,I,
VEHDHPHAL,I,
AAIPGSRAV,I,
GETVADVRTL,I,
ATIPYHPSL,I,
REGDLTNLL,I,
GENRGPILL,I,
AEPEDHYFL,I,
REQEEIVRL,I,
ALGDIREV,I,
LTDPDIHVL,I,
RAGGPTTPL,I,
VEFNHSGELL,I,
YGPGLTHGV,I,
NLPEAGDSRV,I,
GENEDLLKL,I,
KESDHIHII,I,
GEIRTITVV,I,
KEMNPLPTQL,I,
REGDPVSL,I,
SLADLNSRL,I,
GEFSLRGKEL,I,
SEQGGVLLL,I,
REFNEEGAL,I,
LILTPTREL,I,
IASSRSVDL,I,
KEQITISQL,I,
GVIQPGRGF,I,
SSGKNVTL,I,
LLKARLVPA,I,
REGQSAPLL,I,
RETVIKQTM,I,
AEIEDIRVL,I,
FEDEKPALL,I,
REDMIDIKL,I,
HELNEEIGKL,I,
ALNEKLVNL,I,
AEASMISKL,I,
KLDQDLNEV,I,
AEVCPTPARL,I,
RATPHFSGL,I,
REVDPDGRRTL,I,
REESESVLTL,I,
ILDDIGHGV,I,
VVPEPGQPL,I,
SVGTQPPAV,I,
REAEFTKSI,I,
AEDPLVQSL,I,
GEGPDGDVKL,I,
ESDDSILRL,I,
AAAAVGLAL,I,
SEPSQHVVL,I,
KEIEDFDSL,I,
AALVPRQAL,I,
GTIGLIHAV,I,
SEERPPAQAL,I,
SAAPSPAAL,I,
KLLEGEESRISL,I,
REFDGTEVL,I,
AEAPPSVAP,I,
KEYVQPVQL,I,
GLIEKNIEL,I,
SEVVDVAKL,I,
GEDKGIKAL,I,
AEPVVREGL,I,
REGRPIWQL,I,
AESEDGKLTL,I,
GESHVSGTTTL,I,
SSGPSLTL,I,
REAPPSPLTSL,I,
KELYVPENKL,I,
TVIRDPPSI,I,
ALIEVGEGV,I,
TLTSKLYSL,I,
FEAPDQKTL,I,
AAAPASGAL,I,
FTVPDTREL,I,
AEEHSIATL,I,
SEPDAVHVVL,I,
VGDPSVHLL,I,
NEEKIIQRL,I,
REIAEVNKKL,I,
SEKVSHVL,I,
GEGPGVDL,I,
RELVPRSIL,I,
GESIPIRL,I,
GAAGALEL,I,
IAAPTSSAL,I,
KEVEEISLL,I,
TEVGPRFEL,I,
AEAAALEVL,I,
AEEPHALEL,I,
KILQELPSV,I,
SASQPGSHL,I,
SEIPSDPKL,I,
AQGGVLPNI,I,
RLAEDVVTF,I,
IEFSDKESV,I,
FANSRDTSF,I,
AEVGVPVSV,I,
GESGKSTIV,I,
AAVPPGSLL,I,
SMLEDVQRA,I,
REYQDLLNVKM,I,
RLGVISKV,I,
REVSSPTGTGL,I,
KEYSDDKVQL,I,
LLGPPPVGV,I,
SQVPRSSSM,I,
SLMDPDTKL,I,
REFPEADAEKL,I,
KEMEQLLEM,I,
VVVAVGRAL,I,
RTMENLVEL,I,
KEPPPQPPL,I,
SEGPHHVAL,I,
YEDATKITV,I,
GEASFPVMV,I,
SEESALNHL,I,
RTNRPPLSL,I,
KAEDSARTL,I,
AAFGKSPEI,I,
YEIHDGMNL,I,
ITSEGRSL,I,
REKEPDLKL,I,
REAPERPSL,I,
ATVHPGLEL,I,
VSPPDNPQV,I,
AEKGVRTL,I,
HEDKIRVVL,I,
GEHTPSAL,I,
GETGPNVGL,I,
SEPHILETL,I,
RLIDPQTQV,I,
KEMQPTHPIRL,I,
RLSEAIVTV,I,
AEDEKNTAL,I,
AVPPPPSSV,I,
SELRSVEGL,I,
QEHPSIRTL,I,
ILFGHENRV,I,
RVCEGPKAV,I,
GENRPIATL,I,
TAMDVVYAL,I,
QEEPLPHEL,I,
AEVSPDAKTSL,I,
IIIPEIQKV,I,
VVDPETGRTR,I,
REPVFSEEL,I,
SAASASAAL,I,
SINDKIIEL,I,
ILLDNDHYAM,I,
KMSQVAPSL,I,
AASEEARSL,I,
RETASELLM,I,
TLNEKLTAL,I,
KESGSTLDL,I,
GEPENTYIL,I,
AEEPKARVL,I,
HEFKSNEL,I,
KMDEVLYSI,I,
ALDPKANFST,I,
KEKDNIDITL,I,
SETEGTPKL,I,
TEVSKVPSL,I,
RIQSKLYRA,I,
REEKRVLGL,I,
SVHKGFAFV,I,
KTNVGRTL,I,
KLPEKWESV,I,
VLDGRELRV,I,
RLDDLPHAL,I,
GEVGGNTL,I,
TEGEDKITL,I,
GLLERVKEL,I,
SELVPGKEEL,I,
GEAVELRSL,I,
SVAGSVERV,I,
GLLIGTTGV,I,
RQADKVWRL,I,
TEISSAEKVAL,I,
KQQASQVLV,I,
GIIDPGSTV,I,
ALGPGVVGI,I,
SEEETRVVF,I,
AELDEKISAL,I,
AELGGQPSL,I,
GEHPPDLDL,I,
NEIPNSHIL,I,
GEEARVTQL,I,
SLLEKSLGL,I,
LLAESRAEKNRL,I,
AEPEKAPAL,I,
EFPEPIKL,I,
RLGGIPVGV,I,
SVDSKPPVI,I,
VADPETRTV,I,
ALSGHLETV,I,
HEYKGPKADL,I,
AGIPAGGVL,I,
SESTVSPRL,I,
SEPKDVTVL,I,
SVLGKVNEI,I,
REVTPDQKLL,I,
AAYPGASGL,I,
HEPEKSFSL,I,
AEDVQHQIL,I,
LEEKDPVPL,I,
SEFYKHIVL,I,
IVDDTIPEI,I,
GEIEGLNDTF,I,
RETKETHVL,I,
VVYPKPEQL,I,
RETPPKSKL,I,
RELPGSTEL,I,
RELESREAEL,I,
FKGDLETL,I,
KLHGVNINV,I,
KIIDIQEKV,I,
GAIGGTPPAF,I,
RESLTGPPYL,I,
EEIGQHPSL,I,
AAAAAAASL,I,
AAGPALAL,I,
SLADIAQKL,I,
ALAGDQPSV,I,
REATGVLL,I,
RESNEVVHL,I,
AVEMPSRTL,I,
GESGILGKDGL,I,
GEISGTIAI,I,
SVDGVIKEV,I,
KEFDGKSLVS,I,
AATGATPIA,I,
RQDPGTELL,I,
KEIKEVIEL,I,
AETEKQVAL,I,
SAAPEGVPL,I,
TLVYHVVGV,I,
KEAEFLQKL,I,
NMVDIIHSV,I,
HEQEEIFKL,I,
AEGIPEAL,I,
SEVIGPVSL,I,
PLGPAPVSV,I,
GEADPSIQL,I,
YAYDGKDYI,I,
KEYDGVVVV,I,
FLDSEVSEL,I,
KEEELQAAL,I,
RENAGVDPTL,I,
TEAAHPIRL,I,
GEDHPEMALL,I,
REAVVNTQELL,I,
TLITDGMRSV,I,
SEGKPSLTL,I,
KELDPIQKL,I,
KEFNEPRVL,I,
RELENLIGI,I,
HESPAVKL,I,
SLLDSCTKL,I,
KEEPSNNVKL,I,
GEIVSTPRL,I,
KEFSEENVL,I,
REVEPAFQL,I,
FSEEDYRTL,I,
HEDFVVEL,I,
AEHRTPDVL,I,
REYEPDHNL,I,
KELGSSTNAL,I,
IEGPDAKL,I,
RLAHYIDRV,I,
SEHSSINVL,I,
SAAEPPTAL,I,
YLHDQNPDA,I,
RLQESVMEA,I,
VMAPRTLLL,I,
AAAYPHTSL,I,
GADPGSRGL,I,
AVTSPGQAL,I,
TEDGGNGIKL,I,
AESDTDVKL,I,
TLLHAGGLARA,I,
KEDVNEAIRL,I,
SIAEVVHQL,I,
REDAPIGPHL,I,
TAAAVGAVF,I,
GEIPVVAI,I,
IEEERNVPL,I,
FSVTGRVL,I,
AEIEPPHHEL,I,
FAKPENIDL,I,
NLDNPIQTV,I,
REVRDGDVQL,I,
EEIRDVSNL,I,
GQDVGRYQV,I,
REDPIGAGAL,I,
GETQPQRL,I,
AEDLPPNTL,I,
AAATGGSVL,I,
GALQSTASL,I,
AELEGRQEEL,I,
ALDPIIHGL,I,
AMAASPHAV,I,
AEAPSQVRL,I,
LAVDPNRAV,I,
REEAGGGFSL,I,
KEVDVSKQL,I,
TSSSPGSPL,I,
VEHPEVARL,I,
KLFEFMHET,I,
NLYPFVKTV,I,
SATSVHTSV,I,
REKVTEVAL,I,
REGHEEMVAL,I,
AAVGGALAV,I,
REYHTDTTV,I,
KIQEILTQV,I,
KETEIVKKL,I,
RELRVEQESL,I,
REGETIIEL,I,
GEGRPLEVF,I,
KEFLPEGQDI,I,
SEDGGHTL,I,
SEAFPSRAL,I,
AESGVERQVL,I,
GELFSSPHL,I,
VIAEILRGV,I,
GELFPDRAL,I,
SSAPGPLEL,I,
EIKDGERL,I,
HEAEEGSKL,I,
KEMGTPDVRI,I,
REFLSEPDL,I,
RLDSTGVNV,I,
SEIYIHGL,I,
KATPQVPVL,I,
EEFRASEL,I,
KEVEELEQL,I,
IEQSTGIRL,I,
KEIDPTSIPTAI,I,
GEPTVPSTL,I,
AEAEGLSGTTL,I,
KLDETGVAL,I,
FNDGSSREL,I,
GEVEGRAGL,I,
REIFKPRQL,I,
TVADHIQKV,I,
AEGPVAVVV,I,
FGPDSGGRV,I,
AAIGPAKEL,I,
PIGRGTKVIL,I,
REFTYKHDEL,I,
KEPSKTEQL,I,
TLSGHSQEV,I,
TESDTAVRL,I,
NQMPTQPQV,I,
REKDDANFKL,I,
KEFLSRSDQL,I,
AEGAPGAGL,I,
SSKTGIPL,I,
SEDKGALAKL,I,
SEGDPDLVL,I,
VLGKVNEI,I,
IEFVADRL,I,
REMEALQSL,I,
QEIDGKSLL,I,
SMMDPNHFL,I,
KEFNEDGAL,I,
YLENGKETL,I,
REHIKVQQL,I,
QEIIEVDPDTKEML,I,
FQPEANPSHL,I,
VAKVGVSM,I,
VAQTGSGKTL,I,
REAVIQQEL,I,
REVENPQNQL,I,
SEVPQNVGL,I,
TLYEAVREV,I,
IEFKETQAL,I,
TEALPENRL,I,
LAAGPGPSLG,I,
TEHPRSTEL,I,
SEDAEKKVL,I,
KAPPAPLAA,I,
HEIQSDVL,I,
KEQEDIVVL,I,
KEFEGKTL,I,
HEDVDTTML,I,
KEIHIQPHL,I,
SEEDRATVL,I,
RETSSDVAL,I,
TEFGHPAAI,I,
AEGLDIKL,I,
AAALPAAAL,I,
AEDTGVRVEL,I,
AAFDTKTGL,I,
GEAHQAETEVL,I,
GLIDENPGL,I,
GEELGRLKL,I,
KEVEQFTQV,I,
REKQSKFIL,I,
LEVEDRTSL,I,
AVIDVGINRV,I,
KAISGVHTV,I,
REIQKVTKL,I,
YAGSGNVL,I,
ASSPKFSEL,I,
GEIQAGAKL,I,
SEAKSNEL,I,
KENSPEKFAL,I,
RVPPPPQSV,I,
AEFHQIEGV,I,
RSNEHIREL,I,
AEDKPSTDL,I,
REGDYIVSI,I,
REAEDTQVF,I,
KLGKITFI,I,
GEYPGIPEL,I,
FAEDSLRVI,I,
IEESSKPVRL,I,
KEGLGNEVL,I,
KEEKQKLIL,I,
GLAAGGIVAV,I,
REDISSIEI,I,
AADPQIRQF,I,
TGAPPLSSL,I,
ALLDRIVSV,I,
AEKGPMIVL,I,
ATIPPISSL,I,
AIQDEIRSV,I,
HEDPGQATL,I,
REVDEIDEI,I,
REEVTAVVL,I,
SAAMPGASL,I,
GEVPKFKAL,I,
AAIPSSGSL,I,
TAAHGLEL,I,
KETGDIKEL,I,
VVLPAPPAV,I,
AQAPDLQRV,I,
GESGLGKSTL,I,
GELQKAIDL,I,
KENDFDRLVL,I,
GEDIVTKL,I,
AEGRIIDVI,I,
KEGLPVAL,I,
TEIDPINAL,I,
NVPDVYTQI,I,
RIADGLPVAV,I,
HEVMEQQTL,I,
SESSPNHSL,I,
KEGPSPKV,I,
KVLDKVFRA,I,
NIVERVKEV,I,
REEVRGREL,I,
RLTPKLMEV,I,
SALYGRAL,I,
ALAPSTMKI,I,
SGIGTSPSL,I,
AAPPPPAHA,I,
KMFSDEILL,I,
EAPEEVEVL,I,
REDAGEVTF,I,
NIVEKLREV,I,
GEAVDRSLL,I,
REYDVPYHI,I,
REVWPEGDVF,I,
SLAEEHEGL,I,
SEENITIKL,I,
SLLDDLHSA,I,
SLYGGTITI,I,
REVGQLIGL,I,
KEVERILGL,I,
SEDPANSL,I,
RVMEYINRL,I,
ISLEGKPL,I,
SSAPPLSEL,I,
REVPIPEHI,I,
SESRIFNEL,I,
HAIPPTLAM,I,
GEVAPLPTL,I,
FTQDTRSL,I,
HESGASIKI,I,
RLQEELEKL,I,
TEIDGRSISL,I,
FTDEESRVF,I,
TLGPVPEI,I,
ALAPAPAEV,I,
YAEVGRVLL,I,
QLDDLKVEL,I,
ILAQEIVKA,I,
LASPPAASA,I,
NIVRAGESL,I,
KLVDPERDMSL,I,
SEIDESVKL,I,
NESVVKEML,I,
TEVPVEPVL,I,
SEEELPTRL,I,
GIESSSPEV,I,
HEFSREPSL,I,
EEDGQLKSL,I,
RVADDVFTL,I,
LDTQPKKV,I,
RELREVIEL,I,
FTDSGRQSV,I,
REFWAKPKP,I,
RTLENPVNV,I,
RLGPVPPGL,I,
IAFPKAEEL,I,
GEEGDLKTSL,I,
KLFDRPQEL,I,
NEFKEKGIGTL,I,
KMLEIDPQKV,I,
VESIISPKV,I,
AEPTHVNEEKL,I,
NEVPRPVTL,I,
RENHEPERL,I,
TGIQPGTSL,I,
ALAEKVKEA,I,
WADPTGTRKL,I,
AEAAEKGDVGL,I,
TEEPDFTAL,I,
KESAAINQI,I,
YEVVDKDSI,I,
GEGEGSKTAL,I,
GLSERDINL,I,
GEVGHHIDL,I,
AETGQVQKI,I,
LSVLPGSRA,I,
GEIDGNKV,I,
VLPDDLSGV,I,
AGPPAAAEV,I,
KEPSGGGGTALL,I,
KEFAQIIKI,I,
RAYEPQEL,I,
TEEPGTGVRL,I,
REEEAKSEL,I,
AEITKEQRL,I,
AVSDGVIKV,I,
HEHPESTRI,I,
SERLDPGL,I,
AEGPELVSL,I,
ALFPGDVDRL,I,
AEFQRDIML,I,
GVIEPNKEL,I,
TEEKLTPVL,I,
AVSEGTKAV,I,
LLAPRPVAV,I,
QEEKPEPVL,I,
KEIVAEAERL,I,
TEIEDSHTL,I,
KEAMTDIITL,I,
KLGDIMGV,I,
KETGATIKL,I,
AAGEPGTSM,I,
RMIDIQTRM,I,
KLEDLLRKV,I,
HEVSGETVVF,I,
REATGKITF,I,
SLSGELREV,I,
FLTDREVRL,I,
KEQDIYTHL,I,
TAVPAASAL,I,
SEEVSRSEL,I,
REDYIEPAL,I,
AAAAAAATM,I,
FLEKESAIV,I,
KLEEIIHQI,I,
SLVGKLEGT,I,
REAEQSNVAL,I,
HEIEDGVEF,I,
VAQELPTTL,I,
AEVGAAETTL,I,
SEAERVSEL,I,
TEIPDTQEM,I,
AEAEAVAAL,I,
GEAFPPVSV,I,
KEEVSRQEL,I,
HEDVDGRTAL,I,
KEIEDRQKL,I,
AEYDRPNLL,I,
VVPEPGTSL,I,
KEIELPSGQLM,I,
RTLETLIRL,I,
RESPQLAEL,I,
GEAIDSRSL,I,
IAPPVPLKA,I,
RVPETAPEV,I,
KENDPSVRL,I,
VIIKPSEL,I,
YMEEIYHRI,I,
GEEAKPIIL,I,
REDSQRPGAHL,I,
KETGTPISM,I,
RLLDSLPREA,I,
RELAGHTGYL,I,
RETQAINSSL,I,
AAEESLRSL,I,
AEAEHKIDL,I,
RLDELGGVYL,I,
GLFQGKTPL,I,
IAEERDKRL,I,
KLLPENNVL,I,
KEASTTVRV,I,
NLAEKPKTV,I,
NEVFNDVRL,I,
GESAETRALL,I,
KETEDINTL,I,
RTFLRPPKV,I,
TGHTGSVL,I,
RVLPPSALQSV,I,
REFDTSPGL,I,
AEEKAAVTSL,I,
REIESSPQYRL,I,
ALYDATYET,I,
VGIPSPSSL,I,
GEVFPTTEV,I,
AEGPTRTL,I,
GEEGRPGKKL,I,
SEVGKTPTL,I,
FLDPAQRDL,I,
TEIDEKEYI,I,
AEDALTTKL,I,
YAVEGRDL,I,
RDIDEVSSL,I,
VLNPETTVV,I,
AETRAGLTL,I,
LLLAAPAQA,I,
YLGDVSERV,I,
GEVGATSAL,I,
SEFREGIVV,I,
SVFGQVERA,I,
SMSSKIIGI,I,
VAGPTGRDL,I,
AEAERDQPL,I,
SAYERSLGG,I,
REVIQSDSL,I,
RMAPALSGA,I,
AEVPEPAAPSRL,I,
REAPVPSLHL,I,
SEIGDASRV,I,
AESPTPQAL,I,
AEGPPAASL,I,
GEENGAHTI,I,
SAEYHRKAL,I,
AMSNLVPPVE,I,
HEDVKKALL,I,
VEERNTISL,I,
SLTGHISTV,I,
VAIIARTDL,I,
REEEGIQL,I,
RLLEATSYL,I,
SLLENIAKA,I,
TAAPVVPEL,I,
REIESSPQY,I,
READGTEKL,I,
REAEQEPEL,I,
SASPPGPTL,I,
KAADGNTAL,I,
SEFHPNPDVL,I,
SETEPEPVTL,I,
TAASEPRPL,I,
AEPKGTITL,I,
AATEIVERV,I,
VEAADKVVL,I,
GEERPIGHL,I,
GEIKNIHLNL,I,
SEKDVQTAL,I,
GEDPTSVAI,I,
AETGKVVII,I,
SEFSDVDKL,I,
REVTPDQKL,I,
TAAPTGTTI,I,
NSATGVPTV,I,
AESSPFVERL,I,
RLAEVVHEL,I,
SEVGKEEFL,I,
ALSDHHIYL,I,
KEVAELTRL,I,
TIEDGIFEV,I,
REAEETQSTL,I,
AICPNNHEV,I,
KEINEKSNIL,I,
GMLPDPKNV,I,
RERGITLDL,I,
TEIHNEPFL,I,
HEGHITSDL,I,
LAAARLAAA,I,
ILIDPFHKA,I,
REDDPGEAASM,I,
KESTAEKDEL,I,
AEEPKPQQL,I,
HEVPEKTSI,I,
GEGDGRTAL,I,
REEQSHPARL,I,
SSSPAVLAL,I,
ASLPSGLPI,I,
KLDDTYIKA,I,
SEDEVKLAL,I,
RELECIREI,I,
KVIDEIYRV,I,
SEERFRPSL,I,
AEAATPYGI,I,
LLIPGLATA,I,
VEPSTPTVL,I,
ALPDQGIAKA,I,
KEYDSISRL,I,
HEIDGKALL,I,
RLAQHITYV,I,
REAEPIPKM,I,
AGIESHSEL,I,
KEVDPSTGELQ,I,
AEHADTVQL,I,
REWTGIDRL,I,
GAADPGFTM,I,
REIDPDQPK,I,
AEGGGRIVL,I,
ALPEDLVEV,I,
REPVAQPGL,I,
AEYPEGFEI,I,
YTIPAHQNL,I,
YEEMYPPEI,I,
VDVEQHTL,I,
LAHSGSDL,I,
RENNEQPTL,I,
SELKSTEL,I,
GEAGPIHHL,I,
GLDRLNVTV,I,
KEKDFSPEAL,I,
RLNDFASTV,I,
KEHPVKQEL,I,
GLGERITQV,I,
ILGIQPPSV,I,
KIMEQSPDM,I,
VDDGARKL,I,
RLYPEGLAQL,I,
AEAPGGELM,I,
RVDPNGSRYLL,I,
REAELQAVL,I,
YAAEGQKL,I,
ALGKILSV,I,
KMWDPHNDPNA,I,
GLDPGKQIKL,I,
AAAAAAAAV,I,
LLPPPMKEL,I,
TLFPGKVHSL,I,
KVIDYVPGI,I,
VIDGEFKEL,I,
SVIIPGMTL,I,
KESAAINQIL,I,
MEAPAAGL,I,
YTFDPVTKV,I,
RLVPSVNGV,I,
HEDLGHVAL,I,
KETGANLAI,I,
AALPKATIL,I,
FEEKSGRTFL,I,
AEGPPIVTL,I,
REEEANVVL,I,
TVGDKYMTV,I,
ILDEHVQRV,I,
GEDPDKRISI,I,
KEIPDEISI,I,
REQHDAQVRL,I,
SVVPDVRSV,I,
AIDVVPPNV,I,
AEGIPAHVI,I,
REQELHNLL,I,
YLGRLAHEV,I,
AEFVSTPEL,I,
SEIVGSIKM,I,
KEMQDVQGAL,I,
AEYGEIKNIHL,I,
KLDHVVTII,I,
REAEALLQL,I,
YEDPQHHPL,I,
KEALPVSL,I,
TLTEGVTRL,I,
KILPDLNTV,I,
FLDPNNIPKA,I,
AIQDKLFQV,I,
ALIGQCIHI,I,
TLAEIAKV,I,
NVPDSFNEV,I,
NEEDSKIEL,I,
QEKLPDEVVL,I,
KEACPTGLY,I,
ILDISRSEV,I,
AAEVGSAL,I,
HEFHSPAL,I,
GEAGVPAEF,I,
VSDSGAHVL,I,
SLADLMPRV,I,
AEAKPELSL,I,
YLDPNQRDL,I,
TEVDMKEVEL,I,
MEYGGEKSL,I,
REKENVTVL,I,
YLDPRITVA,I,
AEEPPTPAL,I,
AEARSTPGP,I,
YGYGHESEL,I,
SEADPAPLL,I,
KLIKGVERL,I,
SIIEKSDSL,I,
KQVSDLISV,I,
REEEDITVL,I,
VEVPEAQQL,I,
TELQDPHSL,I,
REAPEELL,I,
RSMEVSTQL,I,
REAEAYTGL,I,
GIIHVISRP,I,
KLMDLDVEQL,I,
AEGPLTAI,I,
SELGSMPEL,I,
RLAVYIDRV,I,
ESPIVVVL,I,
KELMGEEIL,I,
AEDRGTPSL,I,
LLAAWTARA,I,
RLLSTDPVTA,I,
KEVEAVVYL,I,
AAQAHTREL,I,
NEDNSVVSL,I,
FLAGEIRET,I,
ITVGPRGPL,I,
TLLTKPVEI,I,
KEESIVSSL,I,
GAVEKGVPL,I,
GEMKSGVPVL,I,
QEHAQEVVL,I,
FLDEKTHEL,I,
HLVPEVPTV,I,
QEDLDNPVL,I,
LLPPQPALA,I,
NEDGALAVL,I,
GTVRPGLGM,I,
RLAEPSQML,I,
LAEAGGRAL,I,
KEAETRAEF,I,
AENIPENPL,I,
SQFGPIERA,I,
ISEENFRVM,I,
REFGIADPDEIM,I,
REAVLDAHFL,I,
LAGPALEL,I,
PEYGEVIQL,I,
HEYSEELEKL,I,
YAEVGRVL,I,
IVAPGTFEV,I,
GEDIPREML,I,
GEAPGAETPSL,I,
ILGPKPQGV,I,
ILDEPTNHL,I,
GLYGGVAGV,I,
QETEPSKEL,I,
SSYVGRGL,I,
KEEETLLRL,I,
KEHGPENIVM,I,
YAVEGRDLTL,I,
KIMEKIRNV,I,
KEIGDIAGV,I,
AMYPDQVQL,I,
RLGDKILQV,I,
GLAPQIHDL,I,
KLYGKPIRV,I,
REIEQVNERVL,I,
SEQTGKELL,I,
GLIDGRLTI,I,
GEEEGRATV,I,
HEVGIGSVL,I,
VAVGVIKAV,I,
ATDPTIHTV,I,
SLQERVDRL,I,
AEEAGKTMV,I,
FLEKEGQTV,I,
NLLPKLHIV,I,
TEYTEGNKL,I,
HATDRFRSL,I,
GEDEPLHAL,I,
SSAKPGPAL,I,
RERQDNPKL,I,
NAMDGYRTL,I,
SEAGQPQAL,I,
REEEKGIEL,I,
AESPGGAGL,I,
NLPDEIYHV,I,
REIAGKMDL,I,
KLLEKVRKV,I,
KEPAPDSGL,I,
AEHIESRTL,I,
AEIAEIARL,I,
GEFSDPAEL,I,
KLAEGAGIQL,I,
AEPRPPHGEL,I,
KEIESTKGEL,I,
GAVLDGREL,I,
AEDGTVVTI,I,
RIMESGSEL,I,
KEDGTLETL,I,
RELDGHVL,I,
AESPERVLL,I,
AIDEKVQAV,I,
SEFYEPEAL,I,
KLLEGEEERL,I,
RILKPGREL,I,
GEIPAGETSL,I,
RLNKKVVLL,I,
REDPGTGMGSSL,I,
REFQSPDEEM,I,
IADNHTPKEL,I,
VSDEKRTEL,I,
RTIEYLEEV,I,
ATDDSLHQL,I,
AEVDPDTIL,I,
RENVGIYNL,I,
LMDHTIPEV,I,
KMQETLVGL,I,
SETKTEEL,I,
HIIAGAGEL,I,
SENEAGKAVL,I,
GEDKGGYVI,I,
KLTEENTTL,I,
YSDLRKESM,I,
REFIERQHA,I,
SAAPSGKAI,I,
GEVTPNSL,I,
KIDDKPVKI,I,
EIEERGVKL,I,
REAKVERPSTL,I,
SLYGASPGL,I,
GEDSGARALL,I,
IASQGREL,I,
AEAEREREL,I,
HVDLNPPSV,I,
GEFSEARE,I,
AEDKDTPAL,I,
SEAGKSTSI,I,
NEHPGGEEVL,I,
SETKDVFQL,I,
LLPAPGAAA,I,
SAAHEVEL,I,
GSHSMRYFFTS,I,
AESAPAWRL,I,
SSIDPGLSI,I,
KITEYLERV,I,
AEALATHIL,I,
SAVDVHINM,I,
ALGEPLYRV,I,
ILPKGSARV,I,
RIVDPEIAL,I,
STPDHSFSL,I,
SSPEHPEL,I,
RENVAVAKL,I,
ALSDSIHTV,I,
YEENAKAEL,I,
AEAHARIHL,I,
GEEPGALIL,I,
ILDAGGHNV,I,
RLLDGAFKL,I,
AEGIVNGHTL,I,
SSEFPAARL,I,
KMIEDLQNEL,I,
REIAQEFKTDL,I,
REQPSSTVL,I,
READFKETL,I,
AAVDRTTEL,I,
FSSVSVAR,I,
AEVGDGTTSV,I,
GESEDLASRL,I,
ALSSSSIRV,I,
SEYITHEI,I,
VEVEIGKEGL,I,
KLNPQQFEV,I,
KQYGNEVFL,I,
TLDEATPTL,I,
GQTGVIRSV,I,
RVPPPPPIA,I,
AEVPYPDDL,I,
REDGGTLGVF,I,
YADRVKEL,I,
GEISRQSIL,I,
FEDGSQLTV,I,
IVPPGGHSV,I,
TLAGDVHIV,I,
NEDWENPQL,I,
RLGPSVVGL,I,
KEKRPDLYAL,I,
IEVENKEVL,I,
GEVNVLDNL,I,
SSPGAPIGV,I,
SEHELDVAL,I,
GEDLEKVTL,I,
ASADTGRDL,I,
GEIPTLKTL,I,
KILDLETQL,I,
IMLEALERV,I,
KLAEGVLDV,I,
SEVNIPLSL,I,
ALLGDLTKA,I,
EEDSGAPPL,I,
GELEYATKI,I,
SIPEKNRPL,I,
RISDVHFSV,I,
KENTPPVVI,I,
KEGFPITAL,I,
SEPERPSIL,I,
RLYTKLLNEA,I,
HEGTDSYEL,I,
REDGGTLGV,I,
HSALPNQSL,I,
SMLPTLREA,I,
AETGPPQVL,I,
RVIGDLDTV,I,
GEAGVAGAGL,I,
EAKKIERL,I,
AELHQEHDL,I,
AAANPTLAF,I,
KEDGAISTI,I,
GEDDKMPPL,I,
GEFVDDYTV,I,
KILEKEIRV,I,
REAEHGYASL,I,
VEDSDKQLL,I,
LSSSVIREL,I,
GEAGDTVQF,I,
KEAGSPGLAL,I,
NEAFPETKL,I,
AESPAGHSFL,I,
SEDSKSSSL,I,
KEFEVKDPEL,I,
KEIDEVGDLL,I,
GEAGGGAGL,I,
FSEGGERLL,I,
SMSGPLIGV,I,
SEEVSKQLL,I,
EEIKEMHGL,I,
RLNEAAVTV,I,
GEESRSPSL,I,
AALPNVYEV,I,
KEDPQRYHL,I,
AEALVSKGL,I,
KPQNGIPLP,I,
ALADGVVSQA,I,
AAIKPGTPL,I,
AEETGVHII,I,
RLYTEPLLV,I,
LAEVGRVL,I,
RLPESNQTL,I,
VVSEGVPRI,I,
GESEKLVRL,I,
YANSKAVTL,I,
SLWGQPAEA,I,
TLGKDHPAV,I,
AELIVQPEL,I,
GEIPDRLQF,I,
SVLGSLSSV,I,
RGDSVIVVL,I,
AENPGKYNIL,I,
GEIASFDK,I,
FGDPHLRTF,I,
LDAELDAYM,I,
WAEEGQRVL,I,
TLGPDHPAV,I,
STYPIKNEV,I,
GEVPTIESL,I,
AEPEADKGTVL,I,
REENEGYAKL,I,
ASIPATSAV,I,
REERQNIVL,I,
NMYGKVVTV,I,
KLDEDVKMI,I,
TEAPVPVSV,I,
GLQEGTHEL,I,
AEEEGPKREL,I,
GELPEHAKI,I,
NVLDHFSEL,I,
SIADKIQQI,I,
AEFGAAGVNRL,I,
AAAGDPASL,I,
SAVDGTVTL,I,
KEINSPNLL,I,
SAIGPFSGL,I,
AEAANVTGP,I,
LMQYPGRSL,I,
GLAPKPVQV,I,
LESDFRDVL,I,
AEGPGAEGPRL,I,
SMAGVVVRA,I,
TAMPPGTAR,I,
REGFFTNGL,I,
REFEELAKQL,I,
ALASEPLKV,I,
TESPENVAL,I,
RIAGKVPGL,I,
REEAEQKRL,I,
EEGSPTPVL,I,
YLAGEAPTL,I,
TESQVVITL,I,
KELTLENSEL,I,
KEQESYDNRL,I,
GESVTKLTL,I,
ALSQDIPEI,I,
KELHIQGNRL,I,
HAGPTAHEL,I,
REWTEQETL,I,
KAFSQSSSL,I,
SIIGKKGESV,I,
VEFPHSPEI,I,
ALDRQLPVS,I,
AVIEAEHTL,I,
VLYDPLKRV,I,
FTDGGPRTL,I,
AELRNPEEM,I,
REIEGDLLLG,I,
SEHHADLL,I,
LAEKHQKTL,I,
TGSPVSIAL,I,
AEDVPVRI,I,
REIGSINL,I,
RETVNVITL,I,
AELESKTNTL,I,
IEPADAHVL,I,
SQVEILQRV,I,
RELQPKLDEL,I,
MEEIGRISI,I,
SLAETDKITL,I,
AEEGGAARL,I,
SMFGAGLTV,I,
REDSVKPGAHL,I,
AESLVAEGL,I,
REVDEQHQL,I,
GEEVDVHSL,I,
RLHDENILL,I,
GEDGLPTPAL,I,
ALLSGLREA,I,
RESQDTSFTTL,I,
KEEVPTPTL,I,
RLTDEQVAL,I,
SLDARTETL,I,
AAMASLGAL,I,
TALGRSAEL,I,
SLYGGNAVV,I,
ALQPEPIKV,I,
GEVGSEVHL,I,
RGSDVIIML,I,
SEDTSKLYAL,I,
KEGTIIRL,I,
KEEEDVLVL,I,
KEMEDTQRL,I,
SLDKTSPEM,I,
SAHEPGGSL,I,
HAAHIISEL,I,
AELEDRRQL,I,
RAGPGTLSV,I,
ALGPPGAAL,I,
SETTAAHSL,I,
KELESVGIRL,I,
YTAEPVTL,I,
AEQDLIREL,I,
TEAPGNLRL,I,
REAEAIMGL,I,
GEKLEPEKL,I,
LLEDGTFKV,I,
VEFADEVRL,I,
REAGNINQSL,I,
VADGYPVRL,I,
GEVISYQQL,I,
LAEAGVRLL,I,
AEGEIYTKL,I,
REVVFVEDV,I,
KEAGNINRSL,I,
KELYTDNQHL,I,
AEFEDLDSL,I,
REFEVETERL,I,
REFQKTEDM,I,
GELDHVVEI,I,
SEDRMTLLL,I,
SEIEDVNTL,I,
GLAEEVQRL,I,
RLYQGINQL,I,
RLPDIPLRQV,I,
YEERVQAVV,I,
KEKPDIFQL,I,
RLAADDFRV,I,
KAALGRAL,I,
YEDQTKPVL,I,
YTIENPRHF,I,
RELGFSSNLL,I,
AETEPIVKM,I,
VEVGEEYKL,I,
RETDLQELF,I,
TLDEYTTRV,I,
SEGTPEKPL,I,
KLFEGENEHL,I,
SLGPGTVGI,I,
KSVTPASTL,I,
YSLDHISSL,I,
TEALPVKL,I,
PVEVQEVSL,I,
SELLPTVRL,I,
VEVTAGNRL,I,
GVYGDVHRV,I,
KILPTLEAV,I,
RLGQHVPTL,I,
TEFPGVVV,I,
SELTAEKL,I,
SIHVGQAGV,I,
SEIEGIQSL,I,
KEDRGRPYTL,I,
IAAVPATAM,I,
REDLVGPEV,I,
VEANYPETL,I,
AQYDRQIRL,I,
GEEPRPDVL,I,
KEIGTHIL,I,
REISDHVLRM,I,
GEYIAPEKI,I,
SELFDNKSL,I,
YEEGPGKNL,I,
REKARSELL,I,
KLPSETIFV,I,
KESDRHTLL,I,
REDDKIVDL,I,
GEGKNGTIEL,I,
REIDVRIDR,I,
SEMVPGKVEL,I,
QEDSKPITL,I,
HIIENIVAV,I,
AMAEEIRRL,I,
YVGPSLRM,I,
KEEHLYILI,I,
NEVESGYHSL,I,
RMQKEITAL,I,
GENVIISHF,I,
REASSQQGL,I,
KELALEEERL,I,
FLDKELTGL,I,
FLGPEPKSV,I,
RVAEFHTEL,I,
KEMLPHVGV,I,
GESLDGRQI,I,
VVAEKIQRI,I,
SLDKDIVAL,I,
REKDDDVVSL,I,
AVAPVASAL,I,
GETATMHIL,I,
KEDIPRQL,I,
RLQEDPPAGV,I,
AEAFAEEL,I,
RLWGEPVNL,I,
EGSLTEASL,I,
ALGPIREL,I,
FVVPNQKEL,I,
RLMNDMTAV,I,
KAWNDIKKV,I,
VLDGKVAVV,I,
RVQEAIAEV,I,
VLEDPVHAV,I,
EETGDIERL,I,
AAAPPLTL,I,
TEVEIVDEKM,I,
KEAGNINTSL,I,
SEDPGTKVLL,I,
REDPDPRKV,I,
RELYGVGVEKL,I,
GAAGSPRPL,I,
FASQSRGYF,I,
SEEQPVVTL,I,
AEAPSHHL,I,
TLADLVHHV,I,
RLFDDVPQV,I,
KETGDPGGQLVL,I,
TEVPDFNKM,I,
QSLPPGLAV,I,
KVPEIEVTV,I,
TLDENHPSI,I,
NASPVISSV,I,
SEVPPDPML,I,
SEIPQTERM,I,
SVLPGSRAL,I,
REIQEAIAV,I,
VEEENIPAL,I,
KETGQIVAI,I,
RELTGPAVL,I,
SLAEGRLYL,I,
REISYLKKL,I,
YEVPEAAQL,I,
TEVAPAKDVTL,I,
REALKSDKL,I,
AEIRGNVL,I,
ISTEVNPKL,I,
SEVGPVVSF,I,
ALLPSSPTL,I,
VASPPTHAA,I,
KELNEAVAAL,I,
SEVQDRVML,I,
REAEHLYHTL,I,
KEKEPEYTLL,I,
KEEYLKPVL,I,
GEYLGNNRL,I,
ARAGVVLEM,I,
NADPIAKYL,I,
AEKAYHEQL,I,
GLREPPVPP,I,
KELENANDLL,I,
RESNSIVKI,I,
KEFAGEDTSDL,I,
VLDSVDVRL,I,
SEDPNQAKL,I,
KEYVAPRVL,I,
REKDLEVYL,I,
RESVSKEDL,I,
KESHEMGQAL,I,
ALWEDEGVRA,I,
KISTITPQI,I,
GEVTGVTL,I,
KILEELQKV,I,
LEGQIHPEL,I,
GEHTPSALAI,I,
RQIDQFLVV,I,
RQIDDILSV,I,
AVHEDIVAV,I,
GESAETRAL,I,
RELSEISERL,I,
KLSEIDVAL,I,
REAFPAHKV,I,
RLIKSFEKV,I,
VEVPDGPTL,I,
FISEFEHRV,I,
SAFPEVRSL,I,
REKKPEELL,I,
IELEGSQSL,I,
SEPEIEIKL,I,
GIFGGHIRSV,I,
KLDPHNHVL,I,
GEKTISVVL,I,
REDLTQVEL,I,
AEITSGESL,I,
KQFEGTVEI,I,
GADGVMRTM,I,
SEHRLSNKL,I,
TAVMPKVSL,I,
YEGSPIKVTL,I,
GESPSGTDGL,I,
KESPTSVGF,I,
AILGIHNEV,I,
SEIQGEVL,I,
SEELSGGRL,I,
SEHSMDTLL,I,
LLVDVEPKV,I,
GAAAAGPEL,I,
ALNEQIARL,I,
YVDPVNKVL,I,
FAEGKPLAL,I,
REFVEREVI,I,
FLYDDNQRV,I,
SLEESIRQV,I,
LAAGPSAAA,I,
FILANEHNV,I,
SEEDFIRSL,I,
KIVDDPKAL,I,
LLLPTQIYS,I,
NMMSGISSV,I,
GESITHAL,I,
KENVDPDSL,I,
QEIPEPLQL,I,
KEAELTREL,I,
AEAPVQEEKL,I,
AILDHNPSI,I,
AVALRPAEA,I,
VEDDFSNQL,I,
AEAVSRVL,I,
FVDPNGKISL,I,
GLPPAMQKV,I,
AELPGQVI,I,
REVERALQL,I,
FEGHDASVL,I,
HEAEIETRI,I,
SEDAGGARL,I,
RLASYLDRV,I,
SEAPPSKMVL,I,
NADPASHEI,I,
YLTHDSPSV,I,
YLHDQNPDAAL,I,
HEAEPVRTL,I,
TELEYIHAL,I,
SEGGPELEL,I,
RMISEELVAA,I,
RLPDSGVYV,I,
KIIGIMEEV,I,
REHPGPAL,I,
SETPVDVRV,I,
SLFGDVKKL,I,
TLQEARALL,I,
SEFDTEREQL,I,
AELKSKSCSEVR,I,
KLPAPLPGL,I,
DSEDPANSL,I,
REKEDLVDL,I,
GEVRTPSQL,I,
FHTELERL,I,
KLLDVVHPAA,I,
GEVLPDIDTL,I,
YSIVGQKL,I,
GEFSGANKEKL,I,
RLQDAIAKV,I,
SIFGDPKKL,I,
AEAPGGEL,I,
GEEVGPSVYL,I,
KEKYPDAVYL,I,
SEILPTKETL,I,
SEAEAAKNAL,I,
KLDGSRLIKV,I,
QEAPALVRL,I,
YEMEVSQRL,I,
GLDPNKPPEL,I,
GEARHPQVSL,I,
NETNIPTVL,I,
SEAPHGGDL,I,
KLPSNLPQL,I,
KLREDLERL,I,
REDGEKTFV,I,
GEAPPELL,I,
HEHRGTPVGL,I,
KEVLEYNAI,I,
ALLDGRVQL,I,
GQISEVVVV,I,
SETETPKL,I,
KLPSDGKEV,I,
GEFGHIQK,I,
SAQPANTSL,I,
SELITPHAI,I,
SEVDRSNSL,I,
KELESQVSGL,I,
TEFRNIQKL,I,
AEIPEDPKL,I,
GEPHSSPEL,I,
REFLEKEEL,I,
SVLDSTAKV,I,
YEDGSIRIF,I,
NEILSDPEVL,I,
FENDSEEKL,I,
FSDPVYKEI,I,
TLPDGRIIKV,I,
KMYEEFLSKV,I,
SIGDGIARV,I,
KEFLDTKDL,I,
KAFPASAAL,I,
VEFGGGAEL,I,
RELVPPDTL,I,
HLDEAIHVL,I,
FSIDSPDSL,I,
FIDPKKIKV,I,
AEKLGGSAVI,I,
AAALPSNSF,I,
VLMTEDIKL,I,
AEVHSEEAL,I,
REIEIQAHL,I,
KEPDSEQQPL,I,
VVPEPGSSL,I,
LLDPNVKSI,I,
VLKEIVERV,I,
RLGSTVFVA,I,
TEAISVGEKL,I,
RIMEGIPTV,I,
AASLPGSEL,I,
REAETQAEI,I,
SAASPAVAL,I,
GEHERPEFI,I,
AEDDPSRTL,I,
KELDTVEVL,I,
AMTKDNNLL,I,
SELMDITKL,I,
GEGDTHTAL,I,
ALSEELVQL,I,
AEAQGSTTL,I,
KEAPTAYSL,I,
QEENITRAL,I,
SEGPIVATL,I,
KLQEEIPVL,I,
SEIEGANQL,I,
AELSNEERNLL,I,
HEGSDIEML,I,
KEIDTSTKV,I,
IAGPVVEI,I,
TLGDEPRKV,I,
TIDPSNPMV,I,
AESAQSNRL,I,
AAAVPRAAF,I,
AMPPPPPQGV,I,
AVVGDPIAL,I,
AEATPVAL,I,
EAAHPIRL,I,
AEVAATEI,I,
SEPLHNVQVL,I,
REDDPVRML,I,
GEAPGVVRM,I,
AEARINAQL,I,
AVSGEIFVV,I,
AEATLGSGNL,I,
REPPPGNEL,I,
RVYEFLDKL,I,
GENSGIGKL,I,
KLLDVVHPA,I,
REEGSPLEL,I,
RIINEPTAA,I,
KEALPDGVNI,I,
REDSPAMAL,I,
SETTQIVKL,I,
AIQEQITRV,I,
KEIDGRLKEL,I,
SENASVPSL,I,
FAVGPGHGI,I,
RERLAEDKL,I,
GERTYQELL,I,
REAEQMGNEL,I,
ATGENLPRV,I,
SELPTTVTV,I,
REKDPKYSAL,I,
TENPVIMGL,I,
SEFPGHTGP,I,
SEIKVPDVEL,I,
RLLEGVNQL,I,
TAVENMPSL,I,
ALDPNGTRV,I,
KENETIARL,I,
SMAPSLKEL,I,
MEEPPAVSL,I,
REASIYTGI,I,
GELGLGGAGTRL,I,
QAGPINREM,I,
VTEEDKRTL,I,
REAGAELL,I,
RQVTGVTRV,I,
AASPYFRAM,I,
TAIPVTQEL,I,
HELDQGQQL,I,
RELLPVKKF,I,
HESVGPPSL,I,
ALNELLQHV,I,
RLSETDFKV,I,
SEPGSHTIL,I,
SANDGFVRL,I,
REVQAEIGKL,I,
AEHIPSGPL,I,
AASTSRSL,I,
AETEPERHL,I,
SAIASTKVM,I,
AMFPEGYKV,I,
KESQVLLTL,I,
GEVIGINTL,I,
REEGLSQVL,I,
REREVEERL,I,
KEGANINKSL,I,
YGFDGRGL,I,
RESPPIRAF,I,
VEAVGPESL,I,
SLYEMVSRV,I,
REIVETERM,I,
KENTIEHLL,I,
AAAAPSPVL,I,
GALSGAAAL,I,
GEFSITYK,I,
GELYGKAGL,I,
AEPEHSFDGL,I,
RESDITKERI,I,
AEDGPPELL,I,
RETEDVNL,I,
HEPPDTAVL,I,
AESGDSVKM,I,
AEELVGQEVL,I,
SEREDEVLL,I,
SENAYDIRL,I,
RLLDSEIKI,I,
REPPEEPGL,I,
SMYGKEELL,I,
KESATEEKL,I,
VLSEKVSQL,I,
SMYGVDLHKA,I,
IGHAGTCL,I,
YLNHLEPPV,I,
AEVASEKL,I,
AEPGAGSQHL,I,
AEGKVIGL,I,
AEHYTETAL,I,
REVVNKDVL,I,
ALHDILTEI,I,
REMSRSVDV,I,
REDLQPVQI,I,
VQPEAQAKV,I,
KIPPVSPSI,I,
GADPNATTL,I,
REVVAGSHEL,I,
SIIGSARSL,I,
TASPVIKAV,I,
HLIEPLANA,I,
AEVPDPEPL,I,
TVAEKVDAV,I,
SLGEGHLSV,I,
NLAEVVERV,I,
VQYNEPLKV,I,
KEAGMQPQL,I,
NEIGSEETL,I,
KLDEHIIPL,I,
LEDAGVREL,I,
SLGVINRV,I,
GEAARDPSL,I,
AEVLVTGEQL,I,
KEGSVVVDL,I,
AAVGPAAAL,I,
SSIEHLTTL,I,
ALLERGYSL,I,
YEGSPIKV,I,
TLQEQLEKA,I,
KELPAVEL,I,
ILDEDKESTF,I,
RTVTGAKPL,I,
TEFEDTPTSQL,I,
REVQPDVVVV,I,
EESNTKIDL,I,
REDQDKVAVL,I,
LILAPTREL,I,
RLLPKVQEV,I,
SAISPKSSL,I,
GLQFPVGRV,I,
SILHDVVEV,I,
REFREEESL,I,
HEGLPEPVTL,I,
EEAPVQPIL,I,
QEASEAYLV,I,
LLQEPPRTV,I,
VTIKEGSQL,I,
REIVTSEGL,I,
ALADGVPVAL,I,
IAIEPGAAL,I,
AEAQQLITI,I,
GEKVNIISV,I,
NLSEEDYRL,I,
SLFSGKPEVL,I,
VLDDKLYVV,I,
VVVDPIQSV,I,
TEIGPRMTL,I,
REMTPGEIKF,I,
GEDYEKVKL,I,
GELRHITKL,I,
FLDDNQIVT,I,
RIIEETLAL,I,
GEISQEEVL,I,
TVMKDPYKV,I,
REQERDIAL,I,
AEIEYRERL,I,
GETQPTGQI,I,
SEVGSMGAL,I,
RDISEVIAL,I,
KETGTDGIL,I,
KEQVLEPML,I,
ALFEGKVQL,I,
NEISIYDKL,I,
VSQEVTRSL,I,
GLSPEIHTL,I,
RMAVLNEQV,I,
KLIDDVHRL,I,
AEAAEVIL,I,
GETHPFTKL,I,
IETASGNKV,I,
GEDEAELAL,I,
REAFGDLAL,I,
SEFILGKSEL,I,
QEFEEKSGRTFL,I,
SEAPGQRAL,I,
GQAPPGKAL,I,
REIAQDFKT,I,
KEEELQGAL,I,
SVQSGNLAL,I,
LATRALPEL,I,
SEDDVKMAL,I,
LDQKINEV,I,
SEMRFVQDL,I,
KLDAFVEGV,I,
TLLTDPPTA,I,
AEVPFSPGL,I,
ILDDQTNKL,I,
KLAEGVQLL,I,
GEGSGSVSL,I,
AAVEDPRVL,I,
SLIPTSPQV,I,
KLFDFPGRGA,I,
IATGGRIV,I,
KEEVTPEQL,I,
GLKEGIPAL,I,
RVVDYLTKL,I,
REIEGSQVTF,I,
GEDIPDFSSL,I,
SLAPDGRTFV,I,
VLNPHEALA,I,
VTTDIQVKV,I,
LELPDKHSL,I,
ALLPASAGV,I,
VGAPGGVSM,I,
SLDERPVAV,I,
KEPEQPPAL,I,
MEVIPSTL,I,
GEVEKYQQL,I,
ALAGGITMV,I,
AAAGPGEVL,I,
KLFEKVKEV,I,
AEEPGGRAVF,I,
GEVFIHKDK,I,
HLSDMLQQL,I,
REVAPVTNF,I,
RELEGPGLL,I,
FLDEPTNHL,I,
AGASAGIAL,I,
YLHNQGIGV,I,
SEAVSHLL,I,
KEQTVQYIL,I,
KSPPDQPAV,I,
REDSGTFSL,I,
KASDLYITL,I,
STLPDVTEV,I,
GEFASIEKM,I,
GEAPPSLGP,I,
GLMADPMKV,I,
FLLAEDTKV,I,
SQIPAQPSV,I,
AAVPKSLQL,I,
GEAEVRTLL,I,
RAAGVVLEM,I,
FSGKSTEL,I,
EARGGGGGL,I,
AEEAGGTRL,I,
KVIDTQQKV,I,
AAANPIAL,I,
ALAPTPSAV,I,
ELFGRTIRV,I,
AAAPAGTTF,I,
TEFSVDARAL,I,
KEIEDLQRM,I,
SIDAGSKEL,I,
NEEGALSVL,I,
AELPGSDDL,I,
GEFLGDNDKF,I,
KMDPVAYRV,I,
RVADILTQL,I,
REIPSHVL,I,
TAIRGAIIL,I,
VADEQRRQV,I,
NLDFNPPHV,I,
EEFGTPNSL,I,
REIPIVHRV,I,
KTLEGIAAV,I,
YQAEAREAL,I,
LESDNNTAL,I,
RELDATATVL,I,
RLLEQKVEL,I,
REGLIKHIL,I,
GSHSMRYF,I,
SAMGISQML,I,
SLVPPGASL,I,
GAYGGGAKL,I,
KSYTHPSSL,I,
ALDESPYGV,I,
KELEEEITL,I,
SLAPDTRLFV,I,
VLYDQPRHV,I,
ALKPEVDKL,I,
HETGTKITI,I,
SLFAGGMLRV,I,
TESRQVVEL,I,
SEVTDPLSV,I,
TIDDGIFEV,I,
KEASDPFSL,I,
RENHQKPEL,I,
AAAAASPPL,I,
IIDDVMKEL,I,
YARLHPRAV,I,
RETDVAKKI,I,
REAPPVVPP,I,
AMIKGLQVL,I,
KEHEAITKV,I,
KELDPTNMTYI,I,
REAEMRNSIL,I,
AEGLSGTTL,I,
KEFGTNIKL,I,
GELPEINGKL,I,
REAFQSVVL,I,
VLDEADEML,I,
VADPTAHRRSL,I,
TEAAVPKVTL,I,
AEDLGGADL,I,
REFSDFIRV,I,
GEVLIDTHL,I,
AEQDLVQTL,I,
MAPPPPRSV,I,
REEPDIYQI,I,
KEGAGSSAL,I,
VLLAAGPSAA,I,
VIAPKITSV,I,
SALDTITTV,I,
GEIKGTPESL,I,
GVVDPVHGV,I,
SAIPVSTQL,I,
AELILHDAL,I,
IETGERERL,I,
REAAYTKRL,I,
REVGNAILF,I,
ALSGLAVRL,I,
TEVGVSGQGRDNAL,I,
QEHPELAVL,I,
SIAPRMMSV,I,
AEHPNVTL,I,
GEALPHVV,I,
TAIRSGLEL,I,
GEKKDEVYL,I,
LENDKTIKL,I,
YESPGKIFL,I,
SAAAAAAAL,I,
RETSHVTMV,I,
REHPALRSL,I,
GEGSGVEIL,I,
SEDSSRHQL,I,
ASDPATKLL,I,
SASPVPASL,I,
QEEPVQPLL,I,
GERGGGAAL,I,
GEPMGRGTKVIL,I,
GENPQRQGL,I,
AEARPFEVL,I,
KEHVIEAL,I,
DEVGPTHEL,I,
SAIAEPSSL,I,
NEDGSRTAL,I,
AEEKIPPSTL,I,
AEFAVLPHHSEG,I,
AEHEDFLL,I,
VIMQEVEHA,I,
REGLEYIPL,I,
KEKTEQETL,I,
TVDGSPHEL,I,
FEAQGKPEL,I,
RINIPPPSV,I,
REKLQEEML,I,
TLNDIMTRV,I,
GLAGAVSEL,I,
VAQGGGRAL,I,
TEAQVTQEL,I,
EEALATIRL,I,
KEEIGNVQL,I,
SMLEPVPEL,I,
ALYDENTKL,I,
SAHPEAPAL,I,
KESVAPVL,I,
AEADSEKARL,I,
AAIRGTKEL,I,
RETEPPPKAAL,I,
YVSGELEHV,I,
TEAKIKQKL,I,
KADPDHKEL,I,
NLHEGDIIL,I,
SETHPPEVAL,I,
SEVVTGSGL,I,
KEQEGFINL,I,
KELPSDFQL,I,
SESTPDVKL,I,
VAADTVKEL,I,
REEIRNIIL,I,
TTIKPGLAL,I,
RLMNETTAV,I,
SEVDINTTL,I,
AQVENLITA,I,
PDAVHVVL,I,
SVPDTVHHV,I,
LLGGDVVSV,I,
ILDETVNSV,I,
SEARLRDVL,I,
GEVPTVESF,I,
REEDFTRIL,I,
RETILDPNL,I,
KEMVSDVDL,I,
REFEKMNQSL,I,
RELDQKTWL,I,
ASAPASRAV,I,
GEESSGHFL,I,
KEKEPDYVLL,I,
KESTTFIEM,I,
SVIGVSPAV,I,
KEIESRVVF,I,
SEGVVHEDL,I,
IANENHSTL,I,
REPRLRVSL,I,
GASPLHVDL,I,
RLNKVIKSV,I,
KETSYEEAL,I,
KAYSHPRSL,I,
AEPHSLRYNL,I,
AAVGSVATL,I,
GLDSPKAEV,I,
LEAIPTSGL,I,
ILGEKVSEI,I,
LEDQERHLL,I,
KLISELQKL,I,
FLFGYPKRL,I,
NMIPYLRKV,I,
HQVPAVSSV,I,
AEAGPIVI,I,
SEYSVHSSL,I,
GETPQVAVI,I,
ALATLIHQV,I,
REGDPGIMYL,I,
SEPGPAEEL,I,
RLPEFIVQT,I,
AMSSKFFLV,I,
AVAPGIPAL,I,
ADVGGKQF,I,
KTVEGREL,I,
KLGGVVSI,I,
REDGVTPYMI,I,
GESATLRSL,I,
REDMPSIL,I,
REGHLPEIL,I,
TSTGISPQM,I,
AEDDFKKVL,I,
REGDMPIHEL,I,
HENRHGSAVQI,I,
VAGPSVTL,I,
GEGGTDPEL,I,
HLIHEVTKV,I,
AEARPEEL,I,
REAQEEVGL,I,
GEVFDFRGM,I,
AEGPTNEIL,I,
KEEPVPELL,I,
KLDPYVQRL,I,
TLTEEGVIKV,I,
FLSKQQASQV,I,
LEKIADPTL,I,
SEGPPAPAL,I,
KEGFPITSL,I,
HLGEIREL,I,
REDLEKFKAL,I,
AMGIAPPKV,I,
NEAIVKDVL,I,
IERIDGVSL,I,
REESGARINI,I,
YLDGVHTV,I,
YLSPDLSKV,I,
KLSDGVAVL,I,
ILSKVTEV,I,
GEYEDVSRV,I,
EELVGQEVL,I,
FSAESSRSL,I,
AEEYKEARL,I,
SASPPSRAV,I,
YVLPEVSKV,I,
REAQIKEKL,I,
RSAEVNLYV,I,
NSFYGSSSL,I,
KEGAGVSPPL,I,
ASVDKVLEL,I,
SAFPSGSTL,I,
EEVNLNGSGKL,I,
FVHPGAATV,I,
TIMPRGPTL,I,
REDDFNNRL,I,
REMNPNYTEF,I,
AESKVSVAV,I,
SEERFHVEL,I,
GETNDFELL,I,
KVLERVNAV,I,
HAVFPTSSM,I,
KEAVSEVEL,I,
TETGTPYML,I,
TEVADHIQL,I,
AEFEQKINRL,I,
AAADASPSL,I,
SLIKQIPRI,I,
KEFFSQGIHSL,I,
KSQDVRQAL,I,
SLTSKIPAL,I,
YVQDRIRAL,I,
ALDQEIIEV,I,
REPESEGIKL,I,
VVAVGRAL,I,
REAQVNVRM,I,
REKIQPEIL,I,
SESASPSAL,I,
TETHVERVL,I,
SEYPNVEEL,I,
REARITEKL,I,
KELAPAVSVL,I,
KEDPDSFTV,I,
RERLEQEQL,I,
MEDDGQPRTL,I,
TSSPPRLAM,I,
SIDSEPALV,I,
LLLAAARLAAA,I,
YTDLPNRQL,I,
GEGASVPRL,I,
AATGHTVVL,I,
AASPAGLDL,I,
VLPPDPSKV,I,
KAIFTGHSA,I,
SVIDEPVRL,I,
SLFGGTSGL,I,
GENDGETRAL,I,
SVLKSIQEV,I,
RLYDGLFKV,I,
AETTSGTFL,I,
AEFGPDSGGRVK,I,
VESRTTDLL,I,
KEDSGKIKL,I,
RVLDTSVAYV,I,
AIDGNNHEV,I,
REIQEAIAVA,I,
IEEPRTGGL,I,
RLTKHTKFV,I,
GETPEQPGL,I,
GELSGDFEKL,I,
KLMEEIREL,I,
SEDPEKYFL,I,
GEVEPRGYL,I,
TLAEHIIEA,I,
AEVDKNIEL,I,
AELKSSTVGL,I,
RLDIDPETI,I,
FQESSVKEL,I,
AAPKAGPGV,I,
HEEIDLVSL,I,
VAMTGEITL,I,
SEFSGVPSL,I,
SLSEEIKRL,I,
FTDAGLKEL,I,
FSDDSDLQL,I,
REESNTKIDL,I,
AMAPGTVTV,I,
VEGQVPHSL,I,
RLYSEDELPAEF,I,
GESIPENQEL,I,
REFEDQKL,I,
SAVIPANSL,I,
RLAEVEEKL,I,
AEILGKTSL,I,
AEIGAVTLV,I,
KLNATNIEL,I,
TLGGDPEKV,I,
KEDSKLIAL,I,
ISEEGFHYL,I,
SVVGPVKGV,I,
SQVPEVTTV,I,
GTWNGTTKV,I,
AEKLPNLTHL,I,
REQGIDGETL,I,
RAAPLDSIHSL,I,
KEQEVNELL,I,
RLIQESPTL,I,
GESDTPGVGL,I,
RILDESHSI,I,
YMDAPKAAL,I,
GEISSHEL,I,
KETTYYDVL,I,
HEERVISNL,I,
RETGEPYRL,I,
LADHTVHVL,I,
GENAHNVTL,I,
LEDLDSRVL,I,
KEAEGAPQV,I,
ALAEGQLRL,I,
SETPARTL,I,
GVYGGSVHEA,I,
SLDEELDRV,I,
AEAGADLVL,I,
AEAVAGGRVL,I,
KEAPEGTFL,I,
RLQEDPPVGV,I,
KLQEFLQTL,I,
TEVRVANEL,I,
RLFDEPQLASL,I,
KVPEWVDTV,I,
SISSTPPAV,I,
RELDKIKGL,I,
REAGIQPSLL,I,
ALDGKIYEL,I,
VLDLEPKAV,I,
KEVVGKDLL,I,
GEEQNKEAL,I,
KERDARTLL,I,
AEENIPASSL,I,
FEEKSIIKM,I,
KMDRALLEL,I,
TETQAEKVVL,I,
HILRPGTAL,I,
RESHTHVSV,I,
AEMPEKGAL,I,
RQFPGSHRV,I,
GEAEPSPLGL,I,
GEFSMDLRT,I,
AIEESVRQL,I,
LIVEPSREL,I,
REDERGNVVL,I,
KTLERSYLL,I,
REIEHLSRL,I,
RLPDTALPTL,I,
AEFAPNKR,I,
SMAPGLTSV,I,
STFSGIKEL,I,
RETYEVLL,I,
TEEPMGITL,I,
FISEPARTV,I,
REIGISNPL,I,
YLPDIIKDQKA,I,
LEGHDGIVL,I,
SENSQPAHL,I,
SEDDIHRSI,I,
AAVDAGMAM,I,
MEDGPIVKL,I,
KAIRPYHAL,I,
GEGDPDSPL,I,
SSAPPITSL,I,
REQAQQIEL,I,
SEDLSGREL,I,
FEDGGRQSL,I,
AEGPGETVL,I,
RIFAPNHVV,I,
AVIENSESL,I,
EEAFPAETL,I,
REELLPHLL,I,
AEEVGTFSM,I,
AESPDFQL,I,
GETQDFHSL,I,
GEVTNDFVML,I,
QLLGSAHEV,I,
TMMSRPPVL,I,
AESDEGKLHVL,I,
LENKDNIRL,I,
SEDSHLESL,I,
SVIPQIQKV,I,
KEISNNDKL,I,
TAVEAGRAL,I,
KEAAPGKSEL,I,
SLHDRIYVI,I,
REMENKETL,I,
SEPEEITTM,I,
KEEGAPLKL,I,
AAAPASVET,I,
AMASLGALA,I,
RLMDPPSNEAV,I,
AEDYGEHHL,I,
MSVQPTVSL,I,
VVIGRSGEM,I,
GIVGGLSTV,I,
HLSDALVEV,I,
GENKMGQLGL,I,
GEIKGFTGI,I,
EGSKTLVL,I,
VAPPKAHEV,I,
SLSEKLAAV,I,
RAEENIRSL,I,
AEGGKAELERL,I,
KESKTPAIL,I,
RETKSTHVF,I,
REEKPVYIL,I,
YEEVHVPAL,I,
KELLEREGL,I,
AAMKALQAL,I,
REELFIQKL,I,
STLEPTKSL,I,
VLDTSVAYV,I,
RELQKLPAL,I,
SLPVEVQEV,I,
SIVAPGGAL,I,
FGHAEVVSL,I,
HSIIPRGSL,I,
KLIDPQTQV,I,
AEDPSKSYV,I,
SEARQDVDL,I,
AEVEKQTSL,I,
MAVGGGLAV,I,
SEIADPTRF,I,
SEPVTPASL,I,
KEPAPDSGLL,I,
SEDLNKHVL,I,
AEQMPQHTL,I,
ALDKATVLL,I,
YLEDTDRNL,I,
HEFAENPGL,I,
KEMDLSVETL,I,
ALVQDLAKA,I,
RLPEPVHGV,I,
KIKEIAVTV,I,
AETPEGHAV,I,
REGMDVAYL,I,
GEVDKRELI,I,
AEGPVGSTL,I,
GEAPTLADL,I,
REIDDHDAVL,I,
YTAPPGPRL,I,
FSVPGSMKL,I,
SLDPNAVKAL,I,
RGPPVPLQV,I,
NLPESRVQV,I,
AEKKQTEQL,I,
HESAAHAIV,I,
AAVAPGHPL,I,
KEFEREKQL,I,
TEDPEKQTL,I,
KEIEDAAQF,I,
RADDTFEAL,I,
KEEERLIAL,I,
YMMPVNSEV,I,
REESRPPKL,I,
KEPDALTLL,I,
KLLPEYPGV,I,
SEQSLGQKL,I,
FSEDGYRTV,I,
AAAPPGLRL,I,
KEVMVDDRL,I,
SEIQNNISL,I,
REFAVVTDM,I,
AVVGGVVAV,I,
VVDPTDPKTL,I,
GEIQEIVKT,I,
SEMTDKLGL,I,
LANSSTTTL,I,
SEESRPQSL,I,
YAYDGKDYIAL,I,
SESRYPQAL,I,
FADPHSKRV,I,
VLAEIPQQV,I,
REVELEHEV,I,
REIEELHKL,I,
SEGGLHVDL,I,
GESGVGKSSL,I,
REVLKSKEL,I,
KMVDLRGAKV,I,
GEPMNFVHL,I,
GMASVISRL,I,
AGPPESLGV,I,
VGYHKHITL,I,
REKEESEKL,I,
REPTLVTGL,I,
TEVKKIYKL,I,
SELRTGAAEGL,I,
GDPGGQLVL,I,
SEVIFGHVL,I,
ALNDPKMYV,I,
GEGMTVGEL,I,
KVGEVTYV,I,
VEANQPVTI,I,
SEVEGGRTAL,I,
GLADDSVRSL,I,
SLLEERFRV,I,
REVIPTHTV,I,
GEGGPGPAAL,I,
VLDEGKMKL,I,
ALPESGSSL,I,
VVASPRGPL,I,
LSDGVHKI,I,
KLAESVEKA,I,
REDEEKQKL,I,
AVEEKFRAL,I,
REITKPLRPL,I,
SDDIPHAL,I,
KENSDVIAL,I,
SIDSNISLV,I,
YILEGEPGKV,I,
GEIDPLNR,I,
REFSEIQL,I,
REHLPVKPDTM,I,
KEAKTPREL,I,
KAISRWSSL,I,
YAVGGYTRL,I,
ALPENPPAI,I,
SEAPGGKKSL,I,
KEILSLDKL,I,
IIDDNHAIV,I,
GLDISSPGM,I,
FAEDGARTV,I,
SAAPPGPPA,I,
KEDYTGKDVL,I,
REGDLLFTV,I,
REAAAAVDV,I,
IILGGVKAV,I,
AEKSEQPTL,I,
GEFGKPYFI,I,
GEDSPVSKL,I,
RLLAEIGAV,I,
SADDGIRNL,I,
SSTPSAPEL,I,
REEGAEGRPWAL,I,
SEFYEPNAL,I,
KEEDLKKKEL,I,
AEARGPEGL,I,
TAVAPNVAL,I,
ILQDGRIFI,I,
REVVETPLL,I,
GEFSASPML,I,
RLDDNIRTV,I,
KENQKTDVL,I,
GEDAGGGAGREL,I,
RLAELERKL,I,
REDFEILKV,I,
GEDTGRVHL,I,
SISAGIPKV,I,
SEAMSVEKI,I,
RVLDINPQV,I,
GEVKDFPDL,I,
RLDDLPHALSA,I,
IEENIPELL,I,
AEYSAKIEL,I,
LIVDRPVTL,I,
ILDDSHLLV,I,
FTVPHTHVF,I,
KEQNSPIYI,I,
SELDLISRL,I,
AESIGESRL,I,
SELPELHAL,I,
SESKETGL,I,
AEVSVPKEL,I,
NSHGGPAL,I,
NAHFPQSEL,I,
RELMGGIGKTM,I,
SLFDDPRVL,I,
FLLPHPGLKV,I,
KEINTNQEAL,I,
SLDQPGGTL,I,
LVDPASHTL,I,
REGHLPSIL,I,
KENGIDIIM,I,
HESDVKIVA,I,
AAFDGGFTV,I,
GEYSILHRL,I,
SLFAEHNDL,I,
GEARLENEI,I,
LSDPTYREL,I,
LLDPAQRTL,I,
RATSSTQSL,I,
KIDEKNFVV,I,
AAGPRPMAL,I,
ALDKALTSV,I,
AESPVFKEL,I,
REVLRLTKL,I,
RSIETSSTL,I,
VSQVGKEL,I,
SEHLAAIEI,I,
GEVTKQTVL,I,
VLDQKEHRL,I,
REKIDQERL,I,
YMDVVKERI,I,
RENTQTTIKL,I,
PGSSVVTSL,I,
TLDNGIIRV,I,
RYFFTSVSRPGR,I,
GLIPIHADPRL,I,
YASSPGMSL,I,
ALSGTLSGV,I,
AEADAIIQM,I,
GEAKKMEFL,I,
AEIENIKEL,I,
HEIAVNENF,I,
REEQAKYYEL,I,
AAAGAGPEM,I,
RAYDGTTYL,I,
KLDENSAFL,I,
VEDLGSKILL,I,
SSAPPGPTL,I,
RDFLDRQEL,I,
GELGRAGAPTL,I,
VTDNPREL,I,
LESEDEVKL,I,
VADPYVVIM,I,
SLQSTILGV,I,
SEYTSGHSV,I,
REGEIAQFL,I,
GEPDHNEAL,I,
RVIDPKKAM,I,
KLWEAESKL,I,
VLEPGNSEV,I,
AEERPRVAL,I,
LEPKPEPSL,I,
KEDNIGNQLL,I,
SATSGSAHL,I,
GLFAPVHKV,I,
SADNVRQQL,I,
FDPSKERL,I,
TTMVPTAAL,I,
NLLNERVSV,I,
KEIQELEQL,I,
AELAEVRAL,I,
RELDLEENKL,I,
SAFGGAARL,I,
GAVGSVTAM,I,
SIIDTELKV,I,
VEAPPSVVL,I,
VIAPNPAQL,I,
RLDEARQML,I,
GESERQLRL,I,
RLDEAAQRL,I,
QSYPGSASL,I,
SEGPPLTSF,I,
AEGREAPAL,I,
GETGHVAI,I,
GEFPSRIHL,I,
IIAEGIPEAL,I,
RLFQENSVL,I,
LLLAQLSDA,I,
KEAKPDEL,I,
RLHEKIQEA,I,
SMDSSHVSL,I,
FEDGQKIVV,I,
RENLEKTRL,I,
REENPEFTSL,I,
GEIDIVNH,I,
GEGRAEAVL,I,
SEIETNTEL,I,
AEVVPTEGL,I,
YENFRSERL,I,
SAGPGHSEL,I,
KEVVEAVTI,I,
AMASHLTST,I,
TEFEQQERL,I,
GEEKGGASL,I,
GELAPSHGL,I,
AEVKGKKQEL,I,
VESDTRIQL,I,
KLWDVREGM,I,
SLYALHVKA,I,
QEQEPEPHL,I,
SEFPSRNKL,I,
GEAKPEPSP,I,
AESNDGKVL,I,
YAVHEGLGL,I,
RESIKLVSI,I,
KLSEELSGGRL,I,
GEASLPSPAM,I,
ALRETVVEV,I,
GEFKVSER,I,
KEFKNGYNL,I,
KEKEFQEEL,I,
HSVPLPTEL,I,
KVFGNEIKL,I,
KEISTEEQL,I,
GEQSVGKTSL,I,
YFIAPTGHSL,I,
KEIEDAEKYSF,I,
VQIGDIVTV,I,
SEKPLSERL,I,
AIAPGHVSV,I,
NEISTFHNL,I,
REEAERQRL,I,
TAHPSPLSV,I,
TEDLNVEHL,I,
YEDIAVKL,I,
RLPDLIKEV,I,
KQLDDLKVEL,I,
ALSEGDIHTL,I,
KENSAPVKL,I,
GANEATKTL,I,
AEPFPQVKL,I,
KQFEKQVEL,I,
AGVSRSATL,I,
SQFPTPEAV,I,
AAGGALEL,I,
SVEERITQV,I,
REIGEATEHL,I,
DEDPSHVNL,I,
SELENRELL,I,
RLADEFGVAV,I,
SMYGVDLHHA,I,
TEISSAEKV,I,
AAIPRSTSF,I,
REVEDDLGL,I,
TEETTHVVM,I,
REKIYNRSL,I,
REAGIVTL,I,
GMPDFLEKL,I,
AELPASVHAL,I,
REINGMTGL,I,
KAMDDTFYL,I,
KELEGPQIAV,I,
HEPDIEQML,I,
REMEENFAV,I,
HETAFQGML,I,
RLYEDSGYSSF,I,
HEADKTYML,I,
SEIGQKQKL,I,
VANVPNTSL,I,
GEQARAELL,I,
REGPITEDF,I,
GEKRNLEVL,I,
SELESRVL,I,
GELPEGTSI,I,
RELAKAEKL,I,
TLADVLYHV,I,
AETEHENTVL,I,
ALEQHIASV,I,
SESKLSKDNL,I,
SIYPGQASL,I,
VMEKRSFKV,I,
AAVVVSKSGSL,I,
KEIAFPKAEEL,I,
GEQPPQLSL,I,
REAMNDPLL,I,
REFDSSTL,I,
AEPAVQRTL,I,
RETSGNLEQL,I,
VIDVGINRV,I,
IEDGKVVTV,I,
AMNGHVPAV,I,
EHGLIIRV,I,
RELENLQKL,I,
ELFSSPPAV,I,
KENNEMVEL,I,
SEDVPHRLL,I,
SLYDYNPNL,I,
TEVYPGAKL,I,
TEDRRTLVL,I,
SLVTGITAL,I,
KETKDVSAL,I,
AELNEKKNERL,I,
VEDKNIGPL,I,
GEADQKGSL,I,
REEEVASEL,I,
AELKGLDVDSL,I,
KSGEVLVNV,I,
GLLPDVPSL,I,
TEIPTAITI,I,
KEVADAIRL,I,
HEAERTEVL,I,
ILDDSPKEI,I,
HLDPAVKEV,I,
ALFNGAQKL,I,
QEAPGSFRL,I,
VADQRSRML,I,
AGDPAVGKTAL,I,
AELKQAQTL,I,
KEFDNGHLLL,I,
SVDVSAPKV,I,
REDNRRVAL,I,
RELGSVPLRL,I,
GEIVTIAHL,I,
RELSDEIQV,I,
REKGNEILEL,I,
GETPEAAAL,I,
RENWHEEVL,I,
KEKRIIQEL,I,
RLLKSKLYL,I,
KEYTNPEQI,I,
KETEKIIAEL,I,
AEVSRATVL,I,
FAVATPEEL,I,
IESHPDNAL,I,
RLLEYTPTA,I,
GESDDSIL,I,
AEPAVTEPGL,I,
ILEPSLYTV,I,
TMADQIVTV,I,
GETKISQSEL,I,
TLDGSLHAV,I,
REPKQPQPLL,I,
LEVPEINAL,I,
AEDVGSNKGAIIGL,I,
TEIPTKITI,I,
EEPKARVL,I,
GLIENPALL,I,
KEPPLTPVPL,I,
VVVSKSGSL,I,
AEACVSRAL,I,
GEEIGAEMAL,I,
LQLEAIHKV,I,
AELDIPQSV,I,
AENQAQPML,I,
QENAEIIKL,I,
KIGDFGLATV,I,
KMDEASAQLL,I,
FAVLPHHSEG,I,
RLDNGQVGL,I,
GEVYSADREDL,I,
AEAKARAEI,I,
LSDPQSVHL,I,
SEAPGLVSV,I,
SAAPSTLSL,I,
YSLPNAPTL,I,
AARPATSTL,I,
REFIAERQK,I,
AEVLNKHSL,I,
WLEENVHEV,I,
AEDITTGQVL,I,
ISSVPHGEL,I,
REQFPGSEM,I,
RLGSVNENL,I,
SEAKAGTRL,I,
SESGSNLHAL,I,
SAMPTVRSF,I,
RENDIKSYF,I,
KEVAGLVTL,I,
AEISPDSKL,I,
AEAVPKFEEM,I,
TEALPVKLI,I,
SQIDPSSIERA,I,
AEEESFRKL,I,
LEKENKELL,I,
TEQITNEKL,I,
NIIPRFVQV,I,
AERFGDTSL,I,
NEDKKGVQL,I,
GLAGPVRGV,I,
SESPSQDSL,I,
SGIGFGESL,I,
SEDGSGKGAAL,I,
YGFRGEAL,I,
VMLGGRNIKV,I,
KAPPNLPPGV,I,
KEFVGGNTPNVL,I,
GELKELYGL,I,
SEHGVPTSV,I,
KEGEIQAGAKL,I,
ALGNVRTV,I,
ALMPVLNQV,I,
LLAAARLAAA,I,
AEIDARNDSF,I,
REPDSDTEL,I,
SVIAPSRSV,I,
TENDVKEGL,I,
SEESGNFPM,I,
GEIDVPSHEL,I,
TVIAKVNNV,I,
AELSEKSGML,I,
KEALVQVEV,I,
NMIDKDVEL,I,
HEFGHALGL,I,
FTVPKNRSL,I,
YLPPATQVV,I,
SLPSRLDSV,I,
KEPAPQVSL,I,
LEMIEPRTL,I,
QADPTGRLL,I,
AEFKEGKKEL,I,
IADPNIAKL,I,
RIQETQAEL,I,
AAAAAAALV,I,
SEHLDPKL,I,
ALFDEQHREEM,I,
GEDPTSVAIA,I,
KLFNDAIRL,I,
AEEHNIVFM,I,
RETGEVVSM,I,
GAALAGHQL,I,
RLLDTPRQA,I,
HVIDTGDSL,I,
SAALGGAL,I,
AAAVGGAL,I,
KEVFDVSKL,I,
KEVDNFVDKL,I,
KEAQAAMEGL,I,
AMAPGAPQV,I,
LEDPDGKVL,I,
HESAVTGL,I,
HETQPVVVL,I,
QEDPNAVL,I,
REEIAEYQL,I,
VLGPKIEAV,I,
SESPIEKVL,I,
TETDPSEGL,I,
GEVPGLYTL,I,
AEFKEPTPSL,I,
SILEHQIQV,I,
SANSHNIAL,I,
IEDRPMPKL,I,
REQDEAYRL,I,
AIAPIIAAV,I,
KEPKSQDIYL,I,
KAMEAASSL,I,
VEMPSRTL,I,
SNHLGKNL,I,
KEDPVPNGL,I,
FAVPKNYKL,I,
SLGGRAVEV,I,
GELAANKSEM,I,
YEERSTTTI,I,
FLDKVDEV,I,
REAEALLQSM,I,
SEFKAMDSI,I,
GEAHPSASLI,I,
KEIEAMHSL,I,
KEHGVPILI,I,
SALGYLHSL,I,
YLIKDGKLI,I,
KEKGSTLDL,I,
SEFRPSGELF,I,
YEVKSENL,I,
KEFAGEDTSDLFL,I,
LLDHPRAEV,I,
NLNSIVPSV,I,
GEWPDQPRI,I,
YLGPHIASV,I,
AELAGSPEL,I,
EVISKLYAV,I,
AEAELGGQPSL,I,
KAAAAAAAL,I,
SLHDTVTTL,I,
READFKETLL,I,
ALASEEPRV,I,
KEDGAISTIVL,I,
VEESVTGVHRL,I,
LIYGTPRAA,I,
KEDQQRALL,I,
FSLEERRKGA,I,
AERLGTPEL,I,
LLGSAHEV,I,
GEPGQAGNPAL,I,
SEAKAILTEL,I,
SELDDRADAL,I,
KEVTPEGL,I,
HETSKMKVL,I,
AAVNHISQL,I,
SVSDGIHSV,I,
SMMDVDHQI,I,
HEMDTSNGVLL,I,
HELSGLNKEEL,I,
RQMTDPNVAL,I,
GAGPGLVL,I,
ALFQRPPLI,I,
KEEVSIEVL,I,
AAAAAASEL,I,
ALPKEDPTAV,I,
KVAEKLEAL,I,
VEEEMSVPL,I,
TLGVIPESV,I,
TEIGQTLDL,I,
YNIQKESTL,I,
KVLEILHRV,I,
SAEQHQRTL,I,
SEVGTPGGRGL,I,
VMDGNVITA,I,
REVDIKGVF,I,
FLDNQRHGM,I,
GEGGGGSRL,I,
AAMEDLTRL,I,
KEEPPTTLL,I,
IAEDHRRLL,I,
MSAEPTVL,I,
GELVAGAHAL,I,
KEMSSIISL,I,
AAVAPSAAA,I,
KEFGSMVL,I,
KEFQSEEYL,I,
VVFNDPEKV,I,
SSHPNSTSL,I,
SAFDHFASV,I,
AVLPHVDQV,I,
KIPPVTPSI,I,
ASTPASSEL,I,
RTDDRVERV,I,
AAVPDSVAL,I,
SESAPGDFSL,I,
SESTNQRVL,I,
KEAIVTSEEL,I,
FLFGEEPSKL,I,
RLQQPRLSL,I,
REDSTMIL,I,
KMMENLTTL,I,
RQHEIVLKV,I,
KLGAVFNQV,I,
TEAVVTNEL,I,
FEDAAEIRL,I,
AAHATDSAL,I,
HETGIAISV,I,
LTTEVHPEL,I,
STKEPGRTL,I,
KLSEIPLTL,I,
AIEDKSRSL,I,
YLLEKSRAV,I,
KEYEAAVEQL,I,
AEIQHAEEF,I,
SEFDIEREQL,I,
EEENSKVEL,I,
REAPGSLLL,I,
SMAVVIPEA,I,
SATETINKL,I,
AESDPRLDVL,I,
REGKLEHTL,I,
DPKTDHRL,I,
HELTIPNNL,I,
AAVRIGSVL,I,
GEATNGRLGL,I,
SQVEGEHQL,I,
KEDDPKAAL,I,
AEERGGTPAF,I,
FIQTRGGTF,I,
REHEEYLKL,I,
YEQAARVAI,I,
YAAEGQRL,I,
RLLHEVQEL,I,
REYKDHVL,I,
SEAEEKERL,I,
SELKETVEL,I,
KESDIYIVA,I,
VLFGVETHV,I,
HENREHLVM,I,
REAVPEPVLL,I,
SVIESHTEF,I,
LLGQVKAS,I,
RMLSELPAL,I,
KTDKTLVLL,I,
GEDLGADYNL,I,
VEGRDVVAL,I,
AADRPGVSL,I,
RMDERPIHA,I,
AEYTEGDAL,I,
KEEGVRDVL,I,
IEEDVATQL,I,
VAEPGQRKI,I,
KLAPPSSTL,I,
VGVPVGSAL,I,
QESVPDPEL,I,
RLNPHDIRL,I,
AGIAHPSAL,I,
VVAPAGVTL,I,
KEDQTEYL,I,
AETRVGSAL,I,
KEAQEEIAFL,I,
ALLPSVKEDKM,I,
KEAYMGNVL,I,
ISFPDPKML,I,
REIRNVELL,I,
AEVADEKML,I,
YMIAHITGL,I,
SVDVSPPKV,I,
SEINSLPTI,I,
QEGDLPNAVL,I,
SETVQPIM,I,
ILDIEPQTL,I,
RAITGASL,I,
KELEQEKEVL,I,
VVLPTETEV,I,
HEDPSIISM,I,
KEVEIAYSDV,I,
GEISPQREV,I,
GEDIVTKLL,I,
RLIDRIKTV,I,
SETPGERL,I,
TLIDLPGHESL,I,
AEAPGEQL,I,
SEILDPHVV,I,
LLDDSNFKV,I,
AELGSSTSL,I,
RETEAALEF,I,
YTPPAGAKV,I,
SEVGGPDAL,I,
RELIQSSDL,I,
KLDSSGGAVQL,I,
ALLDDSVRV,I,
SLHSKFIRV,I,
YEYADERL,I,
SEKPSQELL,I,
VTKTVGTAL,I,
KEEQMDGTVTL,I,
NESETKSTL,I,
VAYWRQAGL,I,
RVGPGPAL,I,
SEDDQVSRL,I,
GEFQIVNPHL,I,
REAHAQSIGM,I,
SLFEKGLKNV,I,
GEIASFDKAKL,I,
GLDVSLQKV,I,
KLSEKIDQL,I,
GEPVIRERL,I,
AEADKIGLL,I,
NGIGKSTAL,I,
AEASVMTQL,I,
REEINFVEI,I,
NEVSIEERL,I,
QESAPHLL,I,
GEYEEYITKL,I,
SEESYKDSTL,I,
VLEPSVVTV,I,
HESLQNPLL,I,
LLDEEISRV,I,
KLTEVPRV,I,
SVDGTRTNV,I,
YLIGQHVTA,I,
GEIDPATGMVM,I,
GEGDIVPKI,I,
REKMADIYL,I,
KEVAPQVSL,I,
REYEDGPLSL,I,
NLIPYSPDV,I,
GEALPFSHL,I,
HEAQHGVTSL,I,
LAHAAFSAA,I,
REVQTAVRL,I,
AELAEEVNL,I,
AADPGLHET,I,
RLQEKVESA,I,
VGIKPSLEL,I,
YEDQRSTIL,I,
FLDPRYKRL,I,
RELDPEAHTYI,I,
HVLEEVQQV,I,
KQMEQISQFL,I,
VEDLARISL,I,
HALGGSSAL,I,
REVMQDYRDEL,I,
LLEPFVHQV,I,
RLQEEINEV,I,
ALDEPTTNL,I,
RETLPAEQDL,I,
AGADPSDPL,I,
KESAEFQTQL,I,
KENGAFTVL,I,
GLADASLLKKV,I,
KEAPEEAQL,I,
FAEAGRSTL,I,
REDPAPGLL,I,
GMDLVVKTV,I,
HLDEARTLL,I,
GLDPSGARLV,I,
SGVPHPAAL,I,
SEMGVMPEI,I,
TLMTDPVRL,I,
GEAKVEQL,I,
NEENKEIIL,I,
TMVDRIEEV,I,
YATYPREL,I,
AEFSSRKEQL,I,
FIDDANYSV,I,
TVAEKSFAV,I,
YLEAGGTKV,I,
AEAVFASEV,I,
GEDSRPPRL,I,
ALDVEPIHA,I,
AEVAPVKDM,I,
REFGNLTRM,I,
REAPPAFSHL,I,
RIDKDTKNV,I,
EEVGVEVKL,I,
AEYEAEKKGL,I,
TIDPSHPM,I,
SEAKPTSL,I,
ILDKEINRL,I,
RSIEYSPQL,I,
GLVPQQIKV,I,
KEDNIGNQL,I,
YAATETPHL,I,
GEIASPPEL,I,
QAIENAHVL,I,
REFDKRFTSV,I,
GEFKVSERYL,I,
VSVDISHTL,I,
REIEGRAI,I,
RELPESGI,I,
SLYDQAEKL,I,
SEFIDSQRV,I,
SELRDIYDL,I,
AGDLAAEVI,I,
GEEKDINTFL,I,
EKLGETEKL,I,
VEVEVGKEGL,I,
KVLDFEHFL,I,
GVLGVVTGV,I,
LLFDQNDKV,I,
VVKPPGQDL,I,
AAIESGHKL,I,
ALASHLIEA,I,
KLQPGSVKKV,I,
AAALSGLAV,I,
RLYDPASGTISL,I,
ALAPDHPSL,I,
ERVLRDLRI,I,
REKVVDIEI,I,
KQAEIVKRL,I,
SELPDEIDI,I,
RIGQGVPVV,I,
REAEKIKTL,I,
GEIKHVSSL,I,
RENNNPVEF,I,
RLFDPDPQKV,I,
SLQDEIQRV,I,
KESGDREAL,I,
AELPGSLSL,I,
GVLDTLTKV,I,
QEKEAIERL,I,
RLIDLPGTEL,I,
AVVTQVNKV,I,
VEHFGPNEL,I,
DENGDRVVL,I,
AAVPTSQSV,I,
AEALIHPTGL,I,
RLFDTQSKEKL,I,
VALVVGHEL,I,
AQFEHTILL,I,
REEGSPQL,I,
VEDDPKVTL,I,
FSLRGKEL,I,
SLDPNAVKA,I,
AQQPHIAGV,I,
SEEERAQRL,I,
SEVIEGYEI,I,
AANPRPDAL,I,
DGSGKTTL,I,
VLTESPPSL,I,
ALKPDLVNV,I,
QEIEEFKERL,I,
GEIKEPLEI,I,
REPLVRQVL,I,
RLFNDPVAM,I,
AESLPETL,I,
AETPGHTPSL,I,
GLYPKVAKI,I,
GESIDRNNL,I,
TLAQRVKEV,I,
TVFEHTFHV,I,
REMFGYMKL,I,
AEVEAQKAQQL,I,
KAFSQSTSL,I,
HEHNQEVVL,I,
KEDTVQVSTL,I,
ISAPKPGPL,I,
GEAGLVPQL,I,
AAYAGGLVL,I,
RELENGNLEV,I,
GEQLELEKL,I,
KEVAQAVLL,I,
AETAEAVEL,I,
KMYGKIIRV,I,
REIEANDIVF,I,
SEAKNRELL,I,
TELPDAEL,I,
KEGEDTLVL,I,
RLTDYISKV,I,
GERPGGEEL,I,
RELQEVESTL,I,
SEPNNLREEL,I,
RLQEEVHLL,I,
LEPELPGSAL,I,
TEYLSNADERL,I,
KEAGPVVRL,I,
REEGAAEPAL,I,
KEKKDILVL,I,
KQIDVYRSV,I,
TAVSQPAAL,I,
VEATGEKVL,I,
AEVPHSTGV,I,
AEIEHKKEEL,I,
WEDDVNHSF,I,
RLDWPVRTL,I,
MVDGKPVNL,I,
GEAPPAAGL,I,
KLTESNQKL,I,
AVHDSFVAV,I,
GADGSVRMF,I,
YTSGTFRTV,I,
SASRAVSSL,I,
AGSRMDKL,I,
ALTPVVVTL,I,
IGYSSPLTL,I,
AEHPGTRL,I,
QLVDIIEKV,I,
AEGHPAPQI,I,
GEIDPATGM,I,
LENDGATAL,I,
AEAEAAVGL,I,
RLLEGVKQA,I,
RIEEGTYGV,I,
ALYDNVEKL,I,
AIMENANVL,I,
LEVVPERSL,I,
LAEAESRVL,I,
ISAIPTRSL,I,
KLLPSVTEL,I,
SMPDVDLHL,I,
GVVDHQTEL,I,
GEDPTQGADL,I,
REQVEVVEF,I,
KVLGIVVGV,I,
KMLEPPPSA,I,
YGGPASQQL,I,
RETYPDAVKI,I,
TAPPIATGV,I,
AEVPAVKDML,I,
REEWKLDTL,I,
KELGQTGTRL,I,
SLFEEAQKV,I,
KESPPHEDL,I,
AAIDHQIEV,I,
TLDPVEKAL,I,
ILESDPQQV,I,
KEFIGRHTL,I,
SESVNPIL,I,
YELQESNVRL,I,
LLSESNERL,I,
KELAERERL,I,
REYEIPSNL,I,
YLGEGPRMV,I,
ALLKIEGVYA,I,
RELGFSSNL,I,
LAFDPSGQRL,I,
REIGGGEAGAVI,I,
YGINNIREL,I,
REVDRNEGL,I,
NEFVRDTAL,I,
KEQFETQKL,I,
KEALQDPFTL,I,
ALLKVNQEL,I,
SVNGFISTL,I,
YLHSGQVAL,I,
KEGKPPISV,I,
GEERLAVVRL,I,
YLSPDLSKI,I,
SEITTKDL,I,
SLHSRFMRV,I,
REYREKIETEL,I,
GEHTLLVTV,I,
RELPPAAAI,I,
KLLEGEESRL,I,
AEIAAREL,I,
AEDIPSLKL,I,
SEDEKNTKL,I,
KMTAYITEL,I,
FAYPNRPDVL,I,
HEEFSEHAL,I,
AEAFAEKL,I,
KETAEHLDL,I,
ILLEKEAEL,I,
EEFEHKEEVL,I,
GEYRGSDFTA,I,
KELPDTVGEL,I,
KENENAELL,I,
AEQQGKGVAL,I,
REESLPNLL,I,
GAAAWARPL,I,
RETSVTPSNL,I,
SLAEKIQAL,I,
HEQKEQISL,I,
AEHPAGHLVL,I,
AAAHSVVL,I,
IIDENGVHEL,I,
AEIPGANL,I,
REGSFKETI,I,
AEINEIIRV,I,
KESAQPPAHL,I,
GVQDNPRAL,I,
AEAPGEAFL,I,
GEFPVQDL,I,
LLAEPVPGI,I,
VENPTSIKL,I,
RMSFIAPNL,I,
AESEKGGEELL,I,
REAKITEEL,I,
FEHHGQVRL,I,
LLAPSPGHA,I,
GEFPVRVQV,I,
SEDGSLHVF,I,
REGQHGNHITL,I,
ALIEDEHNL,I,
RLPEEISGL,I,
KETTGVMVL,I,
HEYYQPTAL,I,
SLYSQVHQI,I,
TLSDVLDRV,I,
SESRMVVTF,I,
YEKLGSTDL,I,
GEVGTGHSSL,I,
SEPQDPAAVSL,I,
REHRSELNL,I,
AELPGQPEM,I,
TEIDEKEYISL,I,
AEIAEKETL,I,
AEKQLREIL,I,
AENFAEHVL,I,
GLSPSIQTL,I,
HEAPGTFRV,I,
TEFTDHEL,I,
HEGPAPPAI,I,
FSADGHTML,I,
KEILPAAEI,I,
KEFSGNPIKV,I,
MAHADPTEL,I,
REACGVIVEL,I,
FEDATSAL,I,
GEKAVNPFL,I,
SEAITFQKL,I,
TEVDTSHRL,I,
KEMEEQVEI,I,
ILDKIVQKV,I,
SEVIGKITAL,I,
GESEEHIEL,I,
REAEIYQTV,I,
AAVPGMNTL,I,
KEVGEVSVL,I,
LEVPSTTAL,I,
KEHEVTIFV,I,
LGPPPPLRV,I,
SDIIDPVAL,I,
ALDVPHAEL,I,
SLSDTVEKL,I,
KEDAATFSSL,I,
HEFSKTEEL,I,
AEYEAGQARL,I,
NLIEVNEEV,I,
AEVGDGTTSVTL,I,
YLMEVTHDL,I,
YSSPSIVL,I,
GELRGPGKEL,I,
AEKPASSSL,I,
REYPNLVTI,I,
GEHGKEILL,I,
AEILQESRM,I,
KVPANPASV,I,
KEYENIIAL,I,
AENEAETKL,I,
RLPEMGSNVEL,I,
SEAPATVEL,I,
KEVLQKEML,I,
KEYDGVVVVV,I,
GMYPNLVHV,I,
ALDDRPQVL,I,
RVLDTNIQL,I,
FISPTGHSL,I,
SEASSGDFL,I,
TGDPNSKAL,I,
REAVVNTQEL,I,
LAAEVGSAL,I,
GLDHPSVEV,I,
TMINAIPVA,I,
KAFFTSKAL,I,
SQAGIIPQL,I,
ASHPGGQSL,I,
EVDPKVAL,I,
SADSLEHVL,I,
IEVDDERKL,I,
GLDIDGIYRV,I,
FADPHSKRVF,I,
FLGPWPAAS,I,
TENLVRELL,I,
SEISESHPNSNLL,I,
YEEDQGSKL,I,
MSVEVRQTL,I,
RAIEIYTDM,I,
RESESAPGDFSL,I,
KLLELDPEHQRA,I,
HEELVQTLL,I,
MLPPPPLTA,I,
KLAEIVKQV,I,
LLAEKVEQL,I,
KEATPYPAL,I,
GEEHFKGLVL,I,
FLLPGHTRL,I,
FVEEEEHFL,I,
RERGEPIRL,I,
KQPGRFDEV,I,
KELQDVGQSL,I,
AQVPKSSAL,I,
KEKVTRIIL,I,
FAYDGKDYL,I,
TLPERPLTEV,I,
KVAKVEPAV,I,
RLWEEAVKA,I,
FQNPFRSEL,I,
REYLSPNQL,I,
SVASSVKGV,I,
HENDAIHKI,I,
TLTDTLREL,I,
GEIVQQVRV,I,
GEGPGPETRL,I,
HEVEKMFTL,I,
KAHLGTAL,I,
QEGKNVIGL,I,
TEERADVSL,I,
KEIPDEISIL,I,
TMGFEVPGV,I,
AQIKEMVEL,I,
TIIGQPMSV,I,
GLVRPGTAL,I,
GELVNTHRL,I,
HEERTILPM,I,
AATAVTQAL,I,
HAVPAGNTV,I,
FVDEGIKTL,I,
GELPTHEQV,I,
AEAFEAIPRAL,I,
SEGSPSQRL,I,
GLAESVSTL,I,
LEGEESRISL,I,
AEQQVPLVL,I,
VEEQRPPEL,I,
KEALPHLQI,I,
REMEEEAEKL,I,
KLDSPRVTV,I,
GESQPVKM,I,
AESGSLEIL,I,
AESPAGHSF,I,
AEFLDKHVT,I,
AEPGSEVYL,I,
REAVHIEKI,I,
KLSLVAAML,I,
TMPSDVLEV,I,
SEALHAQSL,I,
IEIPSVVSV,I,
LEAADNLRL,I,
LADDDARLL,I,
YLDEYIARM,I,
SENRRKELL,I,
KEEGPKEMTL,I,
RVIEGDVVSA,I,
GEASSPPSL,I,
AEATLPTVI,I,
VGAPVGIAL,I,
REIREENKL,I,
HEPEPHILL,I,
LESEIISKL,I,
GISRQGIIAV,I,
GEELVKIGKL,I,
EETGVRVEL,I,
KTFNLIPAV,I,
KEAQAVPATL,I,
FIGNLPHEV,I,
GINGVSPKV,I,
RISGETIFV,I,
SELQSIQRL,I,
IESSDVIRL,I,
STLEAETRV,I,
VAQEPVNTL,I,
RMDGHIQLI,I,
KLGETEKL,I,
VIEPRAPSL,I,
YEALPELKL,I,
AEKYPGAEL,I,
DEFPDGVTL,I,
KEEEGIGEEL,I,
GLLTTDPRV,I,
REINDCIGGTVL,I,
KLSELQLRV,I,
AERVDRIIL,I,
GEDMHTIGF,I,
KETQTPVM,I,
SLFSGKPEV,I,
RFYEGVVEL,I,
AEYGHFVDI,I,
IAIGSQPVL,I,
KEAEILEVL,I,
RELQHEHSL,I,
KEALIAASETL,I,
KEVPAVPETL,I,
RIVPRFSEL,I,
GEIFEKFHP,I,
AEGRPGGSL,I,
KENNIMITL,I,
SEPVKGTGAL,I,
AELPVDPML,I,
REKHPDGKIL,I,
AEDENKNVL,I,
RERITSEAEDL,I,
RESYVETEL,I,
TAIESTPTL,I,
SENKLPAEL,I,
FMQHDVQEL,I,
RLFSSIVTV,I,
SEVAAIGQL,I,
KQMEELQAL,I,
LHAGGLARA,I,
RLSPEVQSV,I,
KEKEGILQL,I,
NGAPAITL,I,
LEPEEKQAL,I,
GEPEKAGGSFL,I,
TEDKINALI,I,
AEDKPYAEL,I,
KLIESKHEV,I,
REDYYDIQL,I,
GEYPKLLRL,I,
GEVQGDNKLL,I,
IEKNDAETL,I,
QEFLGDPHL,I,
HETAPQTGL,I,
SVGDGVPEA,I,
IEDHSIREL,I,
IIITPGYGL,I,
REEFDKIGM,I,
AEIKDTTL,I,
GEQVAVKSL,I,
NLAEKLIGV,I,
AEERGVVSI,I,
RLDDHALTGA,I,
GEFSITYKP,I,
TLAEIAKVEL,I,
YLEPYLKEV,I,
HAGVISVL,I,
EFHTELERL,I,
REIEENSRL,I,
RAVAPTMSL,I,
QEIQQAGERL,I,
QEIPTFQPL,I,
YEKPEAPEL,I,
KLFEEIREI,I,
RLADDLNEKI,I,
AAAGSGAEF,I,
KMDENQFVAV,I,
TVAQIKATV,I,
REFLEKNYTDE,I,
YLPYPIHQV,I,
AEFIVAKAI,I,
PEKLGQAL,I,
GERRAIEKL,I,
KEVAGFVL,I,
VLGKIEKV,I,
AENGGNSHSL,I,
REEASGDQKL,I,
REEDVGQPRL,I,
EEESLKTQL,I,
REVEEEPGIHSL,I,
SMAENSIPL,I,
RMFGIPVVV,I,
AAMPVAQHL,I,
REQQGRLDVL,I,
RDAPAFYEL,I,
QTDPTLLSV,I,
KEITTEGQVQVL,I,
KEDSVIVVL,I,
LSRAGLPF,I,
RETSQTKVL,I,
TAVAKNQAL,I,
KLGPAGTTI,I,
GEEERNNVL,I,
KETAVFINI,I,
KEDGFGSEVI,I,
GELAVGREIL,I,
RLAPEIVSA,I,
AEITPKGRAL,I,
RETPPNPAGL,I,
SAAVSAPVL,I,
VEAGGMQAL,I,
RELETVREL,I,
TELQGMNEYL,I,
GLTDIRTLV,I,
EETRLLNIL,I,
SISDPIHMV,I,
IEGLIEREYL,I,
REIGKHINM,I,
AEERGGTPAFL,I,
REDISSKL,I,
SLDKTSHSV,I,
LEKKVEKV,I,
GEDNGQRGYLL,I,
SEIASQGREL,I,
GENVEKQQL,I,
SEIPPDVVL,I,
SLLESVQKL,I,
SLEETNRTL,I,
ALSEALTEL,I,
SAARGAAAL,I,
AAQIPTAAL,I,
KEEMDFPQL,I,
GAQEPSRPL,I,
REIQTAVRLL,I,
RLIDAFKGV,I,
GEDSVGVIF,I,
AAAPSNQSL,I,
SLADLQNDEV,I,
RELFQEMNI,I,
REGHDAFEL,I,
REIIAPKI,I,
ILVEINKRV,I,
VLAGHDNRV,I,
REAGASLYQGL,I,
AMATVTAL,I,
VLLPKVVNT,I,
RLVESKVEL,I,
HVADFAPEV,I,
KEIAEVNEI,I,
REFGEEAL,I,
VLDGNVVGI,I,
LMEHIHKL,I,
QEAKPSTEDL,I,
KLSPEELLL,I,
RLDTGPQSL,I,
AEFNRIMSL,I,
AEVDKNIELL,I,
TLWDKSKKL,I,
AEARNLPPL,I,
KEHLTTVL,I,
SEYGEEPIL,I,
REDYTRYNQL,I,
ALYGKTEVV,I,
RLSGYEEAL,I,
TLAEVSTRL,I,
ELDRTPPEV,I,
DETRTIISL,I,
IAVGTSHGL,I,
REASSVSEEL,I,
HTVGRAAGL,I,
KMGLIFEV,I,
IIEENIPEL,I,
SLPPPTLRI,I,
AEIDAHLV,I,
RLVDAVLGA,I,
REISLLKEL,I,
VLGPPVPEI,I,
YAFSARPL,I,
ALPGPARGV,I,
GEAESRGDGL,I,
ASFYQRAL,I,
REVKVAQL,I,
AADLGSPSL,I,
VEHVPGADIL,I,
LLPTAPTTV,I,
GELTPRTGE,I,
EEFGAEPEL,I,
GELVHPKAL,I,
NEEAGRLLL,I,
SSAPQHAEV,I,
REGDVLTLL,I,
FLFEPVVKA,I,
RLLDRKVLL,I,
RESSFVEKM,I,
KEVDGKSRDSL,I,
SLFGEAPQNL,I,
SESSPSLSL,I,
VMPEAVPEV,I,
SEFATTNQI,I,
AAMKGNSTL,I,
REVKNAEIL,I,
ILFDPKTSV,I,
SENPERPFL,I,
YEVGQRHGL,I,
REKYGDKML,I,
KLDEHIAYL,I,
GEVPKMIQL,I,
NTINDPKAL,I,
LEEADKMFL,I,
AEAKGHPAL,I,
GEEKDIIIF,I,
HEFLTPRL,I,
ALGPGVPHI,I,
ILPPDIGKL,I,
SAALGGVL,I,
REDDVGTGAGLL,I,
KLDGNELDL,I,
FVALPGVAV,I,
TEDQRFPQL,I,
KQTEIAKRL,I,
TENGDKITM,I,
ALAGNPKAA,I,
TEMGHGTHL,I,
REMGEAKTL,I,
FEEAERTYL,I,
HLLNESPML,I,
GIVGSGAAL,I,
SEFPKPQIL,I,
GELEAERQAL,I,
RLDGKVIIL,I,
SEKKTDPSSL,I,
TANGESRAI,I,
NESPAVVL,I,
SELPRSDTL,I,
RLNEKNYEL,I,
TEPRYPPHSL,I,
VIIDDHPEV,I,
AEHSTVITF,I,
HAHGRHFNL,I,
NEDRLPHLL,I,
AEEQKTSGIM,I,
RVMEGLHRL,I,
KEMDSNTVI,I,
KLVPFLKKV,I,
RLAEPSQLL,I,
RLLDEEISRV,I,
SLDVDSEAKKL,I,
SEASSSVSI,I,
RVIEPFSRV,I,
GEEETVTTL,I,
REVLPESL,I,
YADREAREL,I,
LENQSHETL,I,
SSEDGDAHVL,I,
TADPEKRKL,I,
SEEEGRRGSL,I,
SIYNGDMEKI,I,
KEELTLEGI,I,
SLVGRENEL,I,
KENETRVVL,I,
KEIEFQKEL,I,
VEEPASERL,I,
KENEELTRI,I,
TSIAPSKGL,I,
KMSEKILLL,I,
HTMDPQLRL,I,
HGHVGADL,I,
RIPDGVVSV,I,
KEQKKNILL,I,
TLQKEIEKV,I,
FLDKNDHSL,I,
GEAPPGTPPCRL,I,
VAIGNPVHL,I,
EEVPEFTKI,I,
AMAQVIGDRV,I,
AETDPGDVL,I,
NLSEGVLSV,I,
GEGQGDRSL,I,
SEFGRNYSL,I,
AEIGYRNSL,I,
FSAPPGSEL,I,
GEDLPIQL,I,
TESDIREMM,I,
TQILSVPKV,I,
YTKENGRTL,I,
SLAEVNTQL,I,
GEFDPTNY,I,
NMLNPPAEV,I,
AEPSEKVSL,I,
RLAEIHGV,I,
KILPTPETV,I,
REVLVESQL,I,
SEKSLENETL,I,
STAGPSEAL,I,
GEFLYKKL,I,
RLIAQRYLL,I,
TLKDTITSV,I,
SLGELVKGV,I,
AIVDKVSSV,I,
LLDGFPRTV,I,
KLLSDPNYGV,I,
REDQSSHEVL,I,
HTGPVRAL,I,
RIPAYFVTV,I,
KEVTAAREAL,I,
EDGMTPTLL,I,
AEVRAENL,I,
TLLESIRQA,I,
SQIEADFRL,I,
KEGPEPGASL,I,
KEAAYQERL,I,
NEVEQRHTL,I,
ALSKEIYVI,I,
ALDDMISTL,I,
VLLGKVYVV,I,
READPQLGP,I,
RLMEDVEAEKL,I,
AMFERIVKA,I,
KETPPTAHL,I,
SEFQKAVKL,I,
GELQHASAVL,I,
SEGHNTPKL,I,
VTVRPGLAM,I,
ILSDGQVKV,I,
VAYAPKKEL,I,
REAENIPVHL,I,
SESCPVVGM,I,
NLAGVYSEV,I,
KLFDNTVGA,I,
KEDAMPEAL,I,
MVPETTHEA,I,
ISDLGQHTL,I,
REAGAGGLSI,I,
FLGEKIASV,I,
AVEPAAREL,I,
VENEDKKGVQL,I,
RELKEPPQGAHFL,I,
KEFTGIDNL,I,
HESPSHLYL,I,
KEIIQDVTL,I,
REEISAQVL,I,
RMARTPQTV,I,
IEIHEGTVL,I,
VILSEIKEA,I,
TLQEQLRAL,I,
GLQQKNVEV,I,
REIQGKKAAL,I,
SVAEINGTMNA,I,
SVLDQKILL,I,
PMGRGTKVIL,I,
HEEDRKDFL,I,
SEEESKIDL,I,
AMDPAVPNM,I,
GESVEFQNL,I,
REDQLDTVL,I,
HLLPTAPTTV,I,
AMYPKYDRI,I,
GLADPSALTQA,I,
AAVANPPRL,I,
KEQQLLSTL,I,
AEDPTISLL,I,
TAAGGIAL,I,
EEVGVEHLL,I,
SESNQQIRL,I,
ALQERLDGL,I,
GETIEKVVF,I,
HEEKVFRAV,I,
TVIPPQASL,I,
IIDGKIFCV,I,
AAAPNPASL,I,
TVVERLVKV,I,
GEQRGEGVFM,I,
GEVHIGGVML,I,
KEPGSGVPVVL,I,
LLDPSVFHV,I,
RVLPGQAVTGV,I,
AEFKTKYKL,I,
TILKRLFRV,I,
REAQELEAQL,I,
GEHVKAIEI,I,
AATPENPEI,I,
AVVTGVTAV,I,
REDSNLESSQL,I,
GEINQEEFI,I,
LEVNDPRTL,I,
GEKDIQTAL,I,
VELDDLGKDEL,I,
SMTLAIHEI,I,
MLDMSVPAV,I,
KEFDGKSL,I,
AVADTVYRA,I,
AEAPPKHPGVL,I,
NEANISTLL,I,
GETLPSSSTTL,I,
RLAYINPDL,I,
HLVGGLHTV,I,
LASPEGKTL,I,
TSISNVNISI,I,
HEIEGTGLP,I,
TENPHGARL,I,
GLDPTQFRV,I,
FEAQGNDRL,I,
ALMQPVRKV,I,
TSDIPHML,I,
SEAGSHQQL,I,
GLKGRVFEV,I,
KLLDPSTPVHI,I,
AAAAGSAAL,I,
RANVGKLL,I,
KEGADFILL,I,
LAAEGRVL,I,
SEDQLKPKL,I,
HAVGDIPGV,I,
RADDGFHLL,I,
KAIPAYSHL,I,
AETDVNVVM,I,
KELDSKSKGL,I,
GELPQGFARL,I,
YVVEDSKQL,I,
REISPQENGL,I,
KENITIVDI,I,
GEIQEIVKTGL,I,
AEFLMKNSDL,I,
AETRVKQRL,I,
VMGDIPAAV,I,
KEVSSSTEL,I,
QELGGRIGAL,I,
GGGPALTL,I,
KELDSKLHL,I,
REFASHLQQL,I,
SECGKAFSL,I,
ILLPGPGPG,I,
GENIEPVKI,I,
REIKSSQGL,I,
VLGPTLKNV,I,
GEGGIIINM,I,
SEITNSETL,I,
GETKKTVIL,I,
SEQAQPLSL,I,
GVDVTLPRV,I,
NESRAVITSL,I,
SIFASPESV,I,
KEHVEPVFGF,I,
KELVTQQL,I,
SEDQHPTIL,I,
TEGPIPEVL,I,
SEFGSPGL,I,
STAAKIMGV,I,
SLLGGDVVSV,I,
GAVGVAGSSL,I,
AEVKEKTEL,I,
GLCPRPVLV,I,
SEFLTGEGHL,I,
KMMDLEHKV,I,
AIIESGKTL,I,
AELPAKILV,I,
SLAEGSVTSV,I,
GEEVEPVGL,I,
GEFSMDLRTK,I,
AMADAGILRL,I,
KEIFDKIHSL,I,
RVYGGLTTKV,I,
RAHIGPVL,I,
AEIASQHL,I,
RELENVKAKL,I,
LLASEVPQL,I,
SSYPGKTAL,I,
RLSELGITQA,I,
KLGETVPAV,I,
SELLSDVRF,I,
VGNIGRQL,I,
AEFTSPPSL,I,
VADPVYRTF,I,
AESFEREQL,I,
KEGIGVVL,I,
RVIDVGSEW,I,
REMENYEKI,I,
YETAEQGLL,I,
LEEPGNFVL,I,
SATYSNRAL,I,
FVFEPPPGV,I,
GEFHAEPTVI,I,
TEDGSRVTL,I,
AEPPQCTSL,I,
ALAEDPQEL,I,
KESSFDIIL,I,
VLKEDREKL,I,
ILNPEVVTV,I,
NEEIARVEL,I,
NGHVGISF,I,
MIDPRTKAL,I,
NEKVELQEL,I,
AAASPGYRL,I,
KEKNDEILSL,I,
HADVGKEL,I,
FLDKDAQRL,I,
KEKFEGVEL,I,
EEVKSFRVL,I,
RIYKYIHKV,I,
RLIEQEEYL,I,
FADKHIQVL,I,
AEDSALTKL,I,
RLQQVLTGL,I,
VMADIRELI,I,
NEVLDHVL,I,
YAISKPEVL,I,
REANQAINPKL,I,
RLQSKTIKV,I,
FLDAVREV,I,
AAYYHPSYL,I,
GIISKPKNL,I,
HEEGYFTAI,I,
VEEGNVVQL,I,
FIASKGVKLV,I,
YGMDSRPPM,I,
SEGKAYSL,I,
RLIEESVTV,I,
GENEDNRIGL,I,
TTESGGRKL,I,
SLFKDQMEL,I,
RELEARQEAL,I,
KAFGQSSAL,I,
SVVDGTPLV,I,
REIEIAEQDM,I,
QEPLHNEEL,I,
KLIPGLNNL,I,
REALPESGELL,I,
KMIEAIKES,I,
SLLENLEKI,I,
VLIGGKPDRV,I,
LLDPNIYRT,I,
TLEDNIPRA,I,
GEVDGKAIPDL,I,
TLVEAIKQV,I,
GENVGPLAL,I,
GEEGEPHSI,I,
SEDNPQTL,I,
GEPPREYAL,I,
GELSLPVHL,I,
SEDRNAGVIL,I,
NLYEGQITV,I,
NEFLAQTL,I,
GLEEIAKQV,I,
GLLENIRQL,I,
AESVVPARM,I,
NGIFPGTPL,I,
GESDPMKGV,I,
IEDPGKLTGL,I,
REIAGHIMEF,I,
LLDHPKKEV,I,
RETTPLTIEKL,I,
LEEPNVRVL,I,
GEYCPEVKL,I,
KLHDINAQL,I,
VLPVPPLSV,I,
AAIAAVNAL,I,
TEEKLTPVLL,I,
GEPRIDINM,I,
SLFGSPPTSV,I,
IESDRQNLL,I,
FASEAREI,I,
RELSQLQEL,I,
REAGTVKL,I,
SEVQGKVHL,I,
YGAQPSATL,I,
ASHQGPTL,I,
ISIHVGQAG,I,
IEQGNTKAL,I,
RELQPSEEVTW,I,
IEHGQAVSL,I,
SETTERTVL,I,
LPKGSARV,I,
REKESFNL,I,
IEVPDSSIL,I,
RELGAGQAPSL,I,
SELNGHHTL,I,
ILGGVKAV,I,
AEVDVISL,I,
SEFEENTNL,I,
AEIAAKDKL,I,
GEKSQAPTL,I,
SENNRIFTL,I,
GEFDNAGAMM,I,
GLEPSPAAV,I,
AEEGGGPRRAL,I,
KEFEEKRGL,I,
TAASPTIAL,I,
FSSESRAL,I,
KEIEEYEL,I,
AVMDGNVITA,I,
KEDSSSAEFL,I,
QEFAADVRL,I,
GMDSSTPKL,I,
VSDPNLIHV,I,
FLGRDTYGV,I,
AEEKYRPAAL,I,
REIDERNRPLSD,I,
SQADVIPAV,I,
GEEQRGGGTL,I,
SLSPGTAAV,I,
YEAVSPERL,I,
AELKSKSCSEV,I,
REIEENQKRI,I,
SELSLPEKL,I,
SEGPSTSVL,I,
EEFRASELL,I,
RLDSIVGPQL,I,
AAAPAAPTL,I,
IAGEASRL,I,
AGAPGGPAL,I,
REAPVPSL,I,
HEEDNTVEL,I,
YVYERMTGL,I,
AAVPSGAST,I,
LLSLRPSEA,I,
GEVNGQEL,I,
GLDPAVIKV,I,
TETGLAVEM,I,
KELESEKEQL,I,
YEAFPHDSQL,I,
VLDPKSTIV,I,
MTDKAPPGV,I,
REFSEGVEAF,I,
KEFFGDLDTL,I,
HEQKDIPGGVL,I,
LEQQNKILL,I,
TLQEVVTGV,I,
KEMDPEYEEKM,I,
KEDENVPFL,I,
GEAVAQYTF,I,
SIMKNLRRV,I,
MEEKGSISL,I,
KLDESIYDV,I,
HELRPGRAL,I,
IEESGEHII,I,
KEFQSPGL,I,
AEMLSTEAL,I,
KEADIEKLNQAL,I,
KVPASGLGV,I,
GEAGAIERVL,I,
FESDLHSLL,I,
GEDHGHKGYL,I,
EEASSPPVL,I,
AAAEASAVL,I,
KAYANPTVV,I,
AEPTVTNIL,I,
YLNDLIHSV,I,
TEGQGTPKL,I,
GEMVTKQPL,I,
AGAAGGLAL,I,
TDHNLHEL,I,
GEEIVFHDL,I,
YAYDGKDYIA,I,
GLAAGPPEA,I,
KETFLTSPEEL,I,
NVDISAPKV,I,
SAADASRVL,I,
IEERTRPNL,I,
TEVLKTHGL,I,
KEETNIVKL,I,
LVDSNNPKI,I,
RLLEVPVML,I,
KEYYEALPEL,I,
TEVEPFKSL,I,
GIFDDPPAL,I,
SEDFPPPSL,I,
REQISIGGL,I,
AEVPEHVL,I,
TEATAGNVL,I,
VEEIGRTEM,I,
KEAEAMALL,I,
FLYPGSSTR,I,
SESPDHYL,I,
REYEELIKL,I,
KLGENVANI,I,
GEPPKEIRL,I,
AIVDTGTSL,I,
YSYFSPRTM,I,
GEIEDKLKKEL,I,
AEDSVSQRAVL,I,
FIVDPVSNL,I,
HEYFPEMQI,I,
RENELSAGL,I,
AESHNRIDL,I,
GETDPVTTM,I,
GEVSTQEAL,I,
KVLSKEFHL,I,
VESVQPLSL,I,
REQSVPGAL,I,
KESDLNGAQI,I,
SESPVERPL,I,
KEDTASEKL,I,
REESLAEVV,I,
ILENPPEEMKL,I,
RLTQELQQA,I,
STKPPGTFL,I,
VSAPVTHQL,I,
SMVEDITGL,I,
AEEAPGARPQL,I,
RLLDGALKL,I,
KEGLSGDAL,I,
REAESELTVTQL,I,
IEGRSQGNDIL,I,
TEDVPRKLL,I,
QAFPGGHSM,I,
AVFDKTLAEL,I,
VENPTATEI,I,
KLRGEINKV,I,
ALSERAVAV,I,
TEEEKQQIL,I,
GLDGPPPTV,I,
RENVNLAQI,I,
RLMDPPSNEA,I,
GELPPASSGSAL,I,
GSWDGTLRL,I,
VMPEDLVEA,I,
NGISDLVKV,I,
ADERTRIL,I,
KLSEVNKRL,I,
TEASEQQAL,I,
RLLEKIRVL,I,
KELGLAEHQL,I,
KEEQEPPIL,I,
TEEYVNGQL,I,
KLLPGDIHQI,I,
NEIRTLIDL,I,
SESRIQHML,I,
GLDSGFHSV,I,
AELEGRQEELL,I,
AAASGGLGL,I,
AAGPGEVL,I,
KLHDVELHQV,I,
AGVVGPEL,I,
ALDAGNIKL,I,
KLDKNPNQV,I,
IAEDNLRAL,I,
GEAHVSPEV,I,
RLYGYFHDA,I,
IAISRTPVL,I,
SGIGVSQVL,I,
REIADLGEAL,I,
GEVVGKFYL,I,
SEKHDVVFL,I,
KELQKTFEI,I,
REQEAREPVL,I,
KELNEKITRL,I,
GESAILDRV,I,
SMPEQAHKV,I,
KEAVCEVAL,I,
REDRRPITV,I,
RESPEPGL,I,
SPPGTVSAL,I,
REVPGIEEL,I,
ILDESHERV,I,
GEEAVPVAL,I,
REQSTDSGLGL,I,
FSYTGRVAV,I,
RLACDVDQV,I,
SVLEKQVSL,I,
FLDTLREV,I,
TEHPENFNL,I,
LEENGERVL,I,
AEVPESVFL,I,
FESSGGRGL,I,
GEPGFGQGSHL,I,
KEAAQEAVKL,I,
AEIQPQTQV,I,
HLIGDFSKV,I,
SESPFSEKL,I,
REERVLQLL,I,
NIICGITSV,I,
KEFLDGMTEL,I,
KLFDRSVDL,I,
KLSPEPILV,I,
IDQDARDL,I,
TLDVQIQHV,I,
AENISHGL,I,
RMSDVVKGV,I,
SGYSHSPPL,I,
SEEVVSREV,I,
AENAPSKEVL,I,
GEAGPSAEAL,I,
FANDDRHVM,I,
GESGSLLPNKL,I,
ILLIGDPSV,I,
KLDDIKDRI,I,
AAAAVGPAM,I,
YAYETKDAL,I,
GEIDASVPEL,I,
YLVPELDGV,I,
ALSGHVSTV,I,
SEVELGGNGL,I,
RQEDLIMKV,I,
KLIEHPHVL,I,
AEDPALKEIVL,I,
YISEENFRV,I,
VSDIGKEL,I,
MASLGALAL,I,
SMPDVDLHV,I,
KEQSGTIYL,I,
GEVYAIETF,I,
ISISDHTAL,I,
HEGPGSLL,I,
VMYGKVYRI,I,
KLVGEFLEV,I,
AEEYGGVMV,I,
PRPPHGEL,I,
AEPKSIPAL,I,
SEITPISKL,I,
AEAGGLEEL,I,
VEFDEVDSL,I,
MELLDGKQTL,I,
IVDDKFFKL,I,
IETAVPSVL,I,
RLAEVRGDQL,I,
NEVERTQAL,I,
GEEHPRGSIL,I,
SEKPTVQQL,I,
GEFTLHGRAIL,I,
TMIEINPMV,I,
IAMRDRNAL,I,
AEVYKELRL,I,
SEFQGPPGL,I,
KEAGIAAESL,I,
AAVGGAQAL,I,
RENFSVPVGL,I,
YVPETVYRV,I,
KMLESITNEL,I,
SLDDHVVAV,I,
TEIKKTEVL,I,
GEPFASHSL,I,
VASEVSTSL,I,
GEEPSPEAL,I,
GESSVGTNM,I,
FATEGLRTL,I,
KAFTKPEEA,I,
KELGGLGML,I,
GEVAPDAKSF,I,
AEYAHPLETL,I,
SEFRKTIKL,I,
RLASVAQEL,I,
AMFDKKVQL,I,
REHVEAIKIGL,I,
AVIGGVVAV,I,
LMVDHVTEV,I,
SLDEKPRIV,I,
SELTARHEL,I,
KEQEQAQKL,I,
SMPDFDLHL,I,
TEDITRYYL,I,
IAIPDASKL,I,
ALDEAAAAL,I,
LEVVQTEKL,I,
GEDSTPQVL,I,
KELHEKFDRL,I,
SEYRFPEEL,I,
HLDGRQIVV,I,
KMDENQFVA,I,
REYEAALNSKDAAL,I,
TEPQYGQGIL,I,
VASPDGASL,I,
YEAPDVMNL,I,
KEYEEKGGEYL,I,
REKLKHPVM,I,
RVLEELEGV,I,
SEKPAGADL,I,
KEDELRTVL,I,
LEDPTGTVQL,I,
SEEAMINKL,I,
SLDKFYRKV,I,
REASPLSSNKL,I,
AEGLGGHVEQL,I,
TVAPFNPTV,I,
AEAPSSPDV,I,
REQGVEEHETL,I,
RESRDHTTL,I,
RLAELKHEL,I,
NAVAAAHSV,I,
REAGAGPEEML,I,
REAATSNL,I,
GTAEPGGSM,I,
SEGNGSHTI,I,
KEVETQAL,I,
SMFEFSEKL,I,
ALSRESLVV,I,
KEVEQFTQVA,I,
IARLPSSTL,I,
KESEKIIAEL,I,
AATGGATL,I,
GLVDNTVRI,I,
YANAKIYKL,I,
YLHEFRDKL,I,
FLIRESETL,I,
GADPTVKDL,I,
KEENKQVAL,I,
PEARIYEETL,I,
EEGGPPLTL,I,
GEALVRHDEF,I,
IAVDPRHLSL,I,
KETGDGRAL,I,
RVADGLPLA,I,
YLEPKLTQV,I,
GLDALKVTV,I,
TLSEVTNQL,I,
HAMKYSRSL,I,
KEFEGKTLVS,I,
ILEGRTISV,I,
SESPITVEV,I,
ATLNIIHSV,I,
STFDHPELV,I,
REIGENHEA,I,
NEDTVRFAL,I,
VLHKDPRQV,I,
KEYAVNEVV,I,
YADPTKRLEL,I,
GEINVIGEP,I,
GEAFSSGHQL,I,
REFYDPDTV,I,
SEDPSGKKAVL,I,
GEMPPGLNF,I,
VASSRSSVL,I,
REIEENSRLL,I,
GEQRTGTEV,I,
KEDPKFKEL,I,
SVHSPSTSM,I,
GEKITQDTL,I,
GEEPLPEGL,I,
GETPGQIL,I,
REDAGAEKI,I,
VLAPLPLHGV,I,
AADCAHEL,I,
NLYEHHHSA,I,
TAADGGPKL,I,
FIDKHIAEL,I,
SEAITQSVL,I,
RELESQISEL,I,
RETDEETKQIL,I,
LIYDGKVEM,I,
GETRKKELL,I,
GEIHSDYEI,I,
REFEERQSL,I,
KLMPEIVAT,I,
LERIEETAL,I,
GEVIDFSSL,I,
AEINSRTGSKL,I,
SLYPGTETM,I,
GEMVSPRI,I,
GERLNQDQL,I,
GVVDPVNSV,I,
FSHAQTVVL,I,
TLSDLRVYL,I,
TAYVGSAVM,I,
KNNLPSTNV,I,
FAMPPPHGM,I,
AESSNPATL,I,
HEEDNTVELL,I,
ALSEKLARLK,I,
KESGQVVAI,I,
RLLENMTEV,I,
SLLPEGPPAI,I,
GEAGAGQLL,I,
RETEQLNKL,I,
HEFDFIHDV,I,
HEALETTQYL,I,
SLLDLEQKL,I,
KEHDVSLEI,I,
EEAPGGTEL,I,
GEVGSPGLL,I,
RLLESFETM,I,
YIADLDAKSGA,I,
GETLEPAGAHL,I,
RIDGVSLLV,I,
AEFKEAFSL,I,
EREKEVVL,I,
SLGKVFGV,I,
KEINEKSSQL,I,
STFDHPELVKL,I,
AEEKHLHVL,I,
LEPELEARL,I,
AETDKATTL,I,
KEAERDVSL,I,
YASTGREF,I,
LLDGNPFRV,I,
FEDEPPLL,I,
KIFHINPRL,I,
AAIPVTHSL,I,
AEEPGVRGL,I,
GELPTIPDL,I,
SENVLQVHL,I,
GEIETVKQL,I,
LEFPAQEL,I,
REYNEVEPIIL,I,
GELNIGMDGL,I,
AQAPGVITGV,I,
GETSVGKTSL,I,
REIDYKTAF,I,
GEFDGSVTF,I,
KEMNPALGI,I,
YSHTGRII,I,
AEGSTADVL,I,
RELLEKQGI,I,
TEDERLTPL,I,
KEKPTTALL,I,
REMEEKVTL,I,
VIDEIGKMEL,I,
AESDGSFLL,I,
REFEEEKV,I,
KEYLDNVQL,I,
FLLEKGYEV,I,
GEVKPYSI,I,
GLYQDPVTL,I,
VIIESDLERA,I,
SLPPDPSKV,I,
MEAIAPPLL,I,
SEDKKHYIL,I,
REAGITEKV,I,
RESFDGRNIL,I,
KEMLEKIGRL,I,
KEFDQNVKL,I,
AESVSQQIL,I,
TERADYVAL,I,
AAIEPDGNGL,I,
GEDMDDERL,I,
VEDITPPRL,I,
LADIGYKTF,I,
REIIPSSAL,I,
KEAFFHQEL,I,
AEVDIIEQM,I,
SLYEENNKL,I,
RLLGYQGIAV,I,
GEIINTHTL,I,
SESNHLIHL,I,
GVISKVSTL,I,
KEENQKIFL,I,
GEGHFGKVEL,I,
TATTSQPVL,I,
AEVDKVARL,I,
SILSEVQQA,I,
TLQEKIHRL,I,
TEDPHTVL,I,
ALAPAPPQV,I,
ILHDDEVTV,I,
GSVAVGSGL,I,
REFKKNTPEDL,I,
KEMRNLIRL,I,
MTQQPRPVL,I,
KLLEVEHPA,I,
REVVIGTPTL,I,
YAIPKFKHL,I,
VEDPVHGIHL,I,
VLDLHDNQL,I,
RELDVSYVL,I,
TLDDKKVYL,I,
QEKGVRVL,I,
REFIQDFQKL,I,
SEALEAARI,I,
SLDSTIPGI,I,
HAMESTRESL,I,
GEDSAVLMERL,I,
SENAGIQSL,I,
AESRALAQL,I,
KEITGETAL,I,
KESQVYVHAL,I,
GEATEHLTQL,I,
SEPSSRGGSL,I,
RELESSRRL,I,
KLPDVYGV,I,
SSAPPASSL,I,
REFPTVPLV,I,
SEKEEIERL,I,
RESPPTRDV,I,
SLQDRIDRL,I,
RENNKPRTVL,I,
AEASALYGRAL,I,
IASGSSTAL,I,
AMAEMVLQV,I,
KVLEQPVVV,I,
YAHPSGTAL,I,
GEQLNGSHEL,I,
SEVEQYVKV,I,
SEDPSHPSMAL,I,
REEEAIHHL,I,
KLLGSPESTKL,I,
RLNKHEENL,I,
GEDSTSTGEL,I,
TEKLEDVAL,I,
ALDEVFTKV,I,
RMDGAVTSV,I,
ILIKQDQTL,I,
GEMQVVPVL,I,
SLDQRNQRL,I,
REMIPFAVV,I,
GAFGGDARL,I,
AELPSEEVL,I,
REFQTSVV,I,
KEVYEGEVTEL,I,
TLQGNTREV,I,
KEFDGKSLVSVT,I,
SLLDLHTKV,I,
LLDVQPHTV,I,
REDISQYGI,I,
LAPRVLRA,I,
REKRPEAAQL,I,
EEIKSFREL,I,
IEEKGAVEAL,I,
KEKEPEYTL,I,
KELSDSVTL,I,
AAAPASGEM,I,
HAIPSMSHV,I,
VLIGSNHSL,I,
KLFDLLNKKA,I,
SAYLSKEL,I,
FQDTNARSL,I,
AELLQKIEV,I,
VLYSIAEKV,I,
MEDGGVKLL,I,
KELHPLHRL,I,
IEESFSEHL,I,
RENLSVEI,I,
NLPDIVSKV,I,
GLLKPGLNV,I,
SLDQSSPPL,I,
AMAPTSPQI,I,
FESGDFVSF,I,
GEMKGAIGL,I,
AEVKAAAEI,I,
LLLDVPTAAVQA,I,
SEGPAQVYL,I,
SAIFRSDSL,I,
KLPAPGADV,I,
IEDEYSGPKL,I,
SEERSLSLL,I,
KEHAAQLTQL,I,
REDKKQVQF,I,
AATGHTPPL,I,
GEADEHYQL,I,
GELGEGGRSL,I,
SEFTGTHYI,I,
RELPAGINSI,I,
FMEETERSL,I,
GLDELDGVKA,I,
KEMKDKAATL,I,
REEIHKDLL,I,
GEEKLKEIL,I,
GEAEYVVAL,I,
REKNRPEFL,I,
KELGVGIAL,I,
GLAEKPQLV,I,
AEVETGDKL,I,
LAEGSPRSL,I,
GESILPTTL,I,
TLDITPHTV,I,
AASPSSSSL,I,
KEVYAAAAEVL,I,
SEEINQVEL,I,
SELDVPFKV,I,
LTFPVRDGV,I,
REMVATQQEM,I,
AAAAAAGSI,I,
RELYANVVL,I,
KLAPPLVTL,I,
AELEENKEL,I,
EEDVGQPRL,I,
AEEPGGRAV,I,
AEITDAEGL,I,
RLATLNEKL,I,
KLTGEVVAL,I,
REDTKAAVLL,I,
RLPDPFAKI,I,
AETVDPASL,I,
SEVDGLNSL,I,
SDHQDPISL,I,
RVTGGIFSV,I,
GLLGNVAEV,I,
GEDPVVAL,I,
FESGVPVEL,I,
ALNEDIVRV,I,
VIEGDHRTL,I,
ILDTSVAYV,I,
SEKGDFIAL,I,
RLMGSILGV,I,
AIPGVVEKV,I,
GEEDLSIKM,I,
SEFEARVI,I,
NEISRTEYL,I,
SISDVIAQV,I,
AEDRAQGL,I,
AELQPTESL,I,
TEMGLREQL,I,
KLIETGERERL,I,
AMADLEQKV,I,
SMGQLPHTV,I,
AAMPRIYEL,I,
RLAQEAVTL,I,
KEQRNKVTL,I,
KLLEKAKKV,I,
KTAEEVAAL,I,
ILDKKVEK,I,
GADPSTVEM,I,
REFGKIINF,I,
KLDPKTMKV,I,
GLHSVAEGV,I,
KLPEPSASL,I,
AELKNLEVL,I,
REQEAGLLQF,I,
HQYDGLVEL,I,
REEELGEYYM,I,
SVMGNIIHV,I,
YQQELEREL,I,
RTFEKDHRL,I,
KEVPAQDL,I,
RLISKFDTV,I,
KEFGPVVI,I,
MAINSISKL,I,
SAVSIFHEL,I,
GEPGAQPQL,I,
TEVIHTGTL,I,
HEEHDHGPEAL,I,
AASPAVAL,I,
HVFIGGTPL,I,
FSKSGRLL,I,
AEGPYKIIL,I,
RELVHPDAL,I,
SEVKEDVVL,I,
ALDEKLLNI,I,
AADDSKLVL,I,
SLNSQELTL,I,
SEMAGPPQM,I,
FEDPVISKF,I,
QMAEIAVNA,I,
HTVGPNEAL,I,
HEGDDFGKL,I,
SAVEAGSEV,I,
KEIISSEML,I,
KETADITHAL,I,
KTPGASLGV,I,
SLIPNLRNV,I,
AEEGGERSV,I,
KEDQEILHSL,I,
LESGRYELL,I,
MEIDGQKL,I,
EIKEVVVTL,I,
TEGESSVVL,I,
KESGAINTSL,I,
AEPSSDLASKL,I,
AEPAEALVL,I,
AERPPAPVL,I,
HEILNEVDL,I,
ALEEADKMFL,I,
VLPGLIHKV,I,
GETEKLYQL,I,
QEAPGKLSL,I,
KENGENVGL,I,
KELDLRGVSI,I,
REFKRLADL,I,
SEIPEIIHM,I,
SEERALREL,I,
VEDRPQDPL,I,
RMATGLERMGA,I,
RILDIPDGHRA,I,
KEDIYAVEI,I,
SETEPHFIL,I,
RLMPKVVRV,I,
REVSPQENGL,I,
TMAEGPYKI,I,
KESPDGNNV,I,
SVYGSLASV,I,
TETSIAKEL,I,
ALGTVGYRV,I,
LAEDTRTEL,I,
HSFGGGTGSGFTSL,I,
VAGPRTDTL,I,
REGGPGSSLTL,I,
HENLLINEL,I,
KEASIGQEL,I,
SAVPSGLHL,I,
KENEPPGREL,I,
RLSDLVNTA,I,
KIVDFSYSV,I,
GAFGGYGTL,I,
SLAVSSPRL,I,
AEVDVTRDIV,I,
AEKCPNLTHL,I,
KEDESTEKL,I,
REFGKALQL,I,
GEDQEKIHAL,I,
SLSGRPLKV,I,
AENAPLHTL,I,
KEDIDTALL,I,
AELAVPIEL,I,
RELEAEGKKL,I,
LAVLGRAL,I,
ALMDEVVKA,I,
RLLEKSQRV,I,
GLAEGKVRL,I,
YANPQEKKL,I,
SIAPILAEA,I,
RESLDSVEF,I,
KEVGEAFTIL,I,
KVIDQQNGL,I,
FGLARAKSV,I,
KESFESQFL,I,
LMTKEISSV,I,
FIVPTGKTGL,I,
GENGDPKAFL,I,
REEASGDQKLL,I,
RAIEGLATL,I,
REKEERVSL,I,
RLFPVPGSGLV,I,
QESPTVEL,I,
KLLEPVVSM,I,
KEQVPSGAEL,I,
VLAESYEKI,I,
AESAVSRDHL,I,
KEGSSIPEL,I,
ALSEKLARL,I,
KLHDERVLV,I,
YEKGVDHL,I,
NEVDGQTKL,I,
QAFGDEREL,I,
VAAPPTAVGSL,I,
KLLEVQPQV,I,
SIDRNPPQL,I,
EEHLPDVSL,I,
HEEEGIDTL,I,
LAFSNDGTTL,I,
QEAEPGSRVNL,I,
KLADFGLARA,I,
SESKETGLSHL,I,
REGNVPNIII,I,
SASGPLHSV,I,
AAVKATQTL,I,
KIFDEILVNA,I,
GLAPGGLAVV,I,
IEAKVEPAL,I,
KEDFSEATL,I,
SEGPSRPVL,I,
SSRLGRAL,I,
REFIQEPAKN,I,
GELTLEGGAL,I,
KSAPSSPTL,I,
SEGSPLVVL,I,
SEGSGEKLVL,I,
TEFGGVTQHL,I,
TLTDIEQKV,I,
EESKLPEIL,I,
GEHCDFTIL,I,
SELPRFQEL,I,
GEAASGSGAEL,I,
GVIDPVPEV,I,
ALLAGSEYL,I,
RLGIKPESV,I,
KEIEQEAAVEL,I,
RELQQENKEL,I,
MLDEPTNHL,I,
HEDCGVASL,I,
REKQDTFAL,I,
RAFSEPSSL,I,
REAFATKGEL,I,
FAFSPDGRHL,I,
REGLIDTAV,I,
RILDQPYSL,I,
KELLKQIKL,I,
RLQEVIETL,I,
ILDISEHTL,I,
AEIEIMKKL,I,
KESGVINGL,I,
SAIPHPLIM,I,
SESQDQVFL,I,
VEEQRSVIL,I,
GESVSGKVNL,I,
GLNSEGLYRV,I,
GESHEYVTF,I,
SEGESSSKL,I,
GEFNGRIGV,I,
AAGPVGPAL,I,
ALADVVHEA,I,
YAQEDPRML,I,
FEFDEQGREL,I,
REAQMAAKL,I,
KLNPYAKTM,I,
AAVDTNLTL,I,
RLNDTIQLL,I,
GELLMHPVL,I,
GVNEQPPVV,I,
KLTEDTRQL,I,
SECEKGQRL,I,
REQLDIIKI,I,
QEKPLLRAL,I,
RLQGELQAV,I,
HEIIEPGNQKL,I,
SDKPDMAEIEKFDK,I,
SEVGTKKEL,I,
GENPSGKSL,I,
KINNEIRSV,I,
KLFIGGLNV,I,
KETRDLVRL,I,
NFFEGKEL,I,
KLDDIVQHI,I,
SMYEPGSAL,I,
YGIGTYREI,I,
RELEDHIRKL,I,
REFFNKEGRV,I,
AIDRVTTSV,I,
KELTDEFREL,I,
YLDEQIKKV,I,
AELERQQIL,I,
RMVDMHGMKV,I,
AEAFSELNHL,I,
GMASDIPGL,I,
TLTNIIHNL,I,
KLGPDDPNV,I,
ALYPNVVQV,I,
SLAEGLRTV,I,
SESNDNFLL,I,
VAGRAMTL,I,
RLIDGLVNA,I,
AEAVGREAL,I,
KLEDFINNI,I,
SEVDGGITL,I,
AAAQHFTAL,I,
RELYHVISF,I,
FLDNGPKTI,I,
SAMESHSL,I,
GEAEYIQRL,I,
KLADIQIEQL,I,
SEILGPTL,I,
KEVPPGSAII,I,
ATPMPTPSV,I,
RETNVPISF,I,
VLDGRGHLL,I,
REMIPFAV,I,
SILETVTAV,I,
TEQKTEAVL,I,
AEISKYLTL,I,
KLAEALYIA,I,
GEILIQGL,I,
KEALDDVTL,I,
TILPKVMQV,I,
ILAPTVQEL,I,
SESGPDNEL,I,
GLSESSVKV,I,
RVISELQEA,I,
REDQINRLI,I,
SQPPVQVSV,I,
HEAAACITGL,I,
AEPRLPLQL,I,
REIATEKKNSL,I,
YAHLTPREL,I,
FMDDTSRSI,I,
FEEGNVKLL,I,
EERPRVAL,I,
LLLPCEAEA,I,
GVGPIRKV,I,
GEGCVGKTSL,I,
REDVDVRTL,I,
KEVPDGENL,I,
KEAQTSFL,I,
GEIKSGQL,I,
KESEKQLLL,I,
EFVGVSHL,I,
NANPASPPL,I,
EEGAVAPVL,I,
KETDFYHTL,I,
KEFREGGRIL,I,
AERDAREKL,I,
GELSSLPSL,I,
VEFIDQEL,I,
GETVSGKVSL,I,
SETTVAPSL,I,
KAFTSSTTL,I,
AMSNLVPPVEL,I,
TTAEKVDSV,I,
YGAQGSSL,I,
SLPELVHAV,I,
LEDPHYSEL,I,
FLPPLPTSV,I,
RVADRLYGV,I,
REEDAEKAVI,I,
YLGEEGKRV,I,
FVIGNGKNL,I,
KAFSDPSSL,I,
GETADTLMGL,I,
GEFGGFSEV,I,
SELHTSGIL,I,
KIAEGVNSL,I,
RLTEIGPRM,I,
FSGPAITL,I,
GETSVQPMM,I,
RALDTPVMV,I,
ILSKDGVLYV,I,
RETGEVMVM,I,
SEFTPQSIL,I,
KESMAIIKL,I,
HEIGHIFGL,I,
LLDPSQKNL,I,
QAPSGAEL,I,
AITGNFKSL,I,
SMSAVVQEL,I,
FSEDQRREL,I,
KIMDQAITV,I,
SEVEKGEAL,I,
AEVGIIESI,I,
KETIMNQEKL,I,
REESRAVFL,I,
KEFNPTKPLL,I,
RILEIQPHHA,I,
AVAAVLTQV,I,
KEQYPGIEI,I,
KAFIGSSAL,I,
GEAQVVEL,I,
KEVSSATNAL,I,
GELFSREDL,I,
ALDSHPTIV,I,
SEGPRGPAL,I,
AESAGPLHQL,I,
QEVPGPAAAL,I,
REDPYGVAV,I,
RELSGSGLERL,I,
VQEEHERIL,I,
SLDPETRRV,I,
NLVEKTPAL,I,
TLYGSQIKL,I,
SEDKTEFTV,I,
GEQSPNVSL,I,
YEDRPEYVL,I,
REWGSGSDTL,I,
AAINHYIEA,I,
YLEGLVRGL,I,
KEAEYAGQL,I,
REHPLYLRL,I,
ELGNGNIKL,I,
SETKLQEEL,I,
YAGAILEV,I,
LEQPPSVAL,I,
TVYGGVMYI,I,
SEFMPSKGSVTL,I,
VESPPSLKL,I,
FLNGEVIRL,I,
FADPHGKRVF,I,
KLVEVIPEGA,I,
KEWEKVFEM,I,
AEVLDLRRL,I,
LFGHENRV,I,
HLPDGSVTV,I,
SLSEYVSRM,I,
AENSKAEVETL,I,
KLDDDMNLL,I,
AVVDVRIGM,I,
GEEAESNVL,I,
QLLPGIRGI,I,
KAVDPSSVAL,I,
GETSDPFSKL,I,
NMFTGNNKI,I,
GEEEFAGAKL,I,
AEVEEKIDQL,I,
VETPTSPTL,I,
KEVEATKL,I,
AEELLRIGL,I,
RELEGASDPLL,I,
YTDATPLRV,I,
RLALFNPDV,I,
YLDPAQRSL,I,
VETAEGVAL,I,
KEYTEEIERL,I,
KEYERAIIF,I,
SLDSTLHAV,I,
FEDTPTSQL,I,
KLYHNEVEI,I,
LEQGGRGSVL,I,
RMDYPVFTV,I,
HEIGFGSKV,I,
TEVPRVEDL,I,
SEVNPSVEL,I,
REEFGAEPEL,I,
EESQIRIEL,I,
TEYPEKEVTL,I,
SVLVSPPAV,I,
AEGGKGALAL,I,
RLQEFIDEV,I,
RLFNDPVAMV,I,
RIMEKIRNV,I,
FLSEKLERI,I,
AAISHGRVF,I,
RLLEEIHAM,I,
GEVRLGGSL,I,
VGAPDVTL,I,
TINDIVHVV,I,
LLPDNVHYV,I,
KLLEPVPVSV,I,
HLFETISQA,I,
RASPATIEM,I,
KEDNNTVVL,I,
AEEPGTFAV,I,
GEAFDINKL,I,
TLTNVIHNL,I,
KEIQSSNL,I,
VIMEPHKEV,I,
RVNFDDYTV,I,
REFQVIQDL,I,
AEDNIREML,I,
YLNVQVKEL,I,
RLGQIQKV,I,
KEIVVKGDEV,I,
YLASDEITTVR,I,
KETSPLTAEKL,I,
REKGILQEL,I,
TAAQVARVL,I,
IMDDKSLNI,I,
KELRAEAERL,I,
FAAEPGNNEL,I,
KENESQTVF,I,
AELLEEEKL,I,
SLLNQPKAV,I,
HEALPGAKKDAL,I,
RDTQSGSLL,I,
RLLHKPVTL,I,
REVESRSSGL,I,
SEVTSQSGL,I,
KAINPINTF,I,
SEMRSELL,I,
RELEPDASRL,I,
VLAEVPKQV,I,
FLPRKFPSL,I,
RETQSPPSL,I,
GEDGQQMIL,I,
VLRDNIQGI,I,
TLDPYRNEV,I,
VEFRNDYEEL,I,
GEAHVQTDI,I,
NLPEQFHRA,I,
HAIDRVTTSV,I,
DESRPAVAL,I,
VLDDSTAKL,I,
VSAPVGKET,I,
YADGYSPPL,I,
LMNPMVPGL,I,
HAMPAKSDL,I,
YTPDHYSTL,I,
KEDQVIQLM,I,
KVADGLVKV,I,
ILYGEVEKL,I,
KLQEVGQVSV,I,
RAAPGAEF,I,
IEAEDFTSRL,I,
REIRHPNIITL,I,
SLSPPPATL,I,
VLDEGSASV,I,
GAEPGLRLL,I,
RLIDDMVAQA,I,
KEYSEELVQQL,I,
EFDGKSLV,I,
RQLESMIRL,I,
RELGAARSLL,I,
NLYGPTHTL,I,
DKGALAKL,I,
SELIAEAKL,I,
GEFDPSKER,I,
KEAGTETVM,I,
REKIETEL,I,
TVHPGLEL,I,
AEPLPSNIL,I,
GGAGPGSSL,I,
KLFQSNDPTL,I,
GLLEGVRGV,I,
GLGAGVSKV,I,
GEYLRPEDL,I,
SVIDIINGEA,I,
SLLTSPPKA,I,
GEAGAIERV,I,
FLNPDEVHAI,I,
MSDTTFKAL,I,
AEALRQPVL,I,
SEAPVDSTL,I,
YLSEKVLAA,I,
GELDARDLEM,I,
AEAAPGPPGAL,I,
REGPYSISV,I,
RLPDPFAKV,I,
KEVVVGNHL,I,
IEERKAIIGL,I,
REDPSPETF,I,
RELKDEVTRL,I,
TMAPGLITL,I,
SAGGHPLEL,I,
REFIPDEKKDAM,I,
EAAKPSPAM,I,
SETRSGSAL,I,
TEQSPTRVL,I,
KEDAGWYTV,I,
GLAERISVL,I,
GEITATQL,I,
QLNEKVAQL,I,
NASIGKTL,I,
KMADILEKI,I,
KEKEPDYVL,I,
SESRTGAEV,I,
GEPSLYNSL,I,
LVEPHGRIM,I,
AESELQKEL,I,
SLFSDEFKV,I,
YELKEGRQI,I,
SLADVDPMQL,I,
GLVDEQQKV,I,
VIDQKVYEI,I,
IIHDVGITV,I,
QIRYILQM,I,
KEEPDGPAL,I,
ALFPGEELKHA,I,
ILGGQPPNV,I,
REIEMAQKL,I,
SEHVSPVL,I,
RMFDGKFVV,I,
GTDAVITNV,I,
ALYEDRYLL,I,
AETKDIPAAIL,I,
FEGADRIEL,I,
VTAVSGKAL,I,
KLFVINEV,I,
AEQPTPQAL,I,
AEITDKLGLHSL,I,
TEIEDMPTL,I,
REDDNIAII,I,
YEILNNPEL,I,
GEIDHVHIL,I,
RELQEREKAL,I,
REMSEKIRI,I,
MESIIRNDL,I,
ALIPETTTL,I,
MEFEERNAAL,I,
VETVYTHVL,I,
GLKVREYEL,I,
RESVDAFTF,I,
REEPPEQRGL,I,
SLVENIERL,I,
GEGSSGVSSL,I,
SIVLPHKEL,I,
AERDSALETL,I,
KEIEERLHGL,I,
SEDGAPALL,I,
VLFSSPPQM,I,
GEQAIRQIL,I,
REIGTVIDQI,I,
YLLPKDIKL,I,
KEDAQEVEL,I,
SETAVAKNQAL,I,
AEEEAARVAL,I,
KAYERGISL,I,
KEIIPTSEF,I,
RLLSTDPVAA,I,
REPTTYPPVL,I,
GVLRPGTAL,I,
YAGESSKEL,I,
HEQPSGATL,I,
LEDSSGTVL,I,
FLDDSQIVT,I,
ILDPNDHSAV,I,
RLAELQEQL,I,
AESKPNENRL,I,
HMLESPESL,I,
SVAPGKSL,I,
LEEHPGGEEVL,I,
HLPDVCVNL,I,
HEYFPEMQIL,I,
ASVRVGNAL,I,
LAGHDNRV,I,
REQVVKREEL,I,
SELIGNEL,I,
YLTKEDLRV,I,
HLAPRTPEV,I,
RETKVLGAL,I,
KEFFAELDKV,I,
AEDSPAIGP,I,
GEPAGRPPAL,I,
VLLESEQFL,I,
SALANGRAL,I,
KEDTEEHHL,I,
AEVSQNIEKL,I,
REGLEDKYNL,I,
FEDGQPVQL,I,
KENVIRPIL,I,
KESEHHADLL,I,
ISVPPLTSV,I,
YLATLTEKM,I,
IMAQLPQEQKA,I,
FVTKPNSAL,I,
SAHPGSSFL,I,
TMLDFPQHV,I,
RINESLQEL,I,
NIVPKLTEV,I,
KLFDDDDSGKISL,I,
TAEPSGRAL,I,
LLAPKLNEA,I,
FLQPHQREV,I,
AEAPLPSPKL,I,
TLLENSQRV,I,
KELDGHVL,I,
ALMDQVHHM,I,
ELLGNLKAV,I,
QVHPPGLAL,I,
KLFEDGKTGF,I,
FLDRESIKL,I,
NEANLREEVL,I,
REREEATYL,I,
GEHREHGTVL,I,
GEVADTTKL,I,
REGEVALEEL,I,
KELDSPFRL,I,
ALFGKTDVV,I,
HLDEQAVQGL,I,
RETQSREIL,I,
TETIPSTSL,I,
KEITQEMQTL,I,
SEESRILVL,I,
GIIRPGTAF,I,
KEHLHTDIL,I,
RLPEAAFLA,I,
REEQGSGGYSL,I,
KEKAEIERM,I,
FQEHEHAL,I,
LIISNTKSL,I,
GEHGQLDGL,I,
TLDDIMAAV,I,
GEDHPEMAL,I,
GEVGGAVYV,I,
ADHTVHVL,I,
LETDSVQRL,I,
AEVHPISL,I,
REAGKEAAL,I,
SEAQSGTQL,I,
AEHHDRVHL,I,
REDESYGYVL,I,
VVAEELENV,I,
SLPGSLTNV,I,
AASPVGKRL,I,
RLLQSNPVL,I,
RGLDDIKDLKV,I,
TEIRDVGPL,I,
GLYPGKVREA,I,
AAIQPDTSL,I,
KMLEENTNIL,I,
ALNNHVEVA,I,
YVIDPIKGL,I,
FGVIPSTPL,I,
ALKKALAAA,I,
ILDSAPTGI,I,
ALAEAGVAV,I,
AEIDEEPVSK,I,
IERYPEETL,I,
YLFCDDHKL,I,
ILAQEIHDV,I,
RLLGLETNV,I,
REAELRKQRL,I,
IVMQEVETV,I,
SLLRDVPLA,I,
KLSDSRIAL,I,
VQTEVNREL,I,
KETTGIVSM,I,
NSVEPAQPL,I,
SAISEGTVL,I,
FIDGHFVEM,I,
TEDEKSKLTVL,I,
REANLQALI,I,
VLIPKLPQL,I,
REPAGDGKSI,I,
KEQEEINFRL,I,
REATSTPEISL,I,
IAENLPKQL,I,
SESRQTHVTL,I,
AVSDHISKV,I,
KEDVHVFAL,I,
FSFEGPEI,I,
FITPTGHSL,I,
AEQFPRQVL,I,
LAAGGAGL,I,
YLANGQTKV,I,
VLAEDEEMNRM,I,
FLMKNSDLYGA,I,
GEILHDAKTL,I,
GEIEGFRL,I,
AILSPAFKV,I,
GEVHPSEMI,I,
TLLKDAAKV,I,
SAQEERREL,I,
AEGLLQEAL,I,
SEAIVTVIM,I,
ALDQDHVAV,I,
SEQPGPKAL,I,
ITGPEGHVL,I,
RLLKEPKFV,I,
VIGPPVVL,I,
SEFQDDPVL,I,
IAQGSYIAL,I,
FSHRSGRDL,I,
ILLTEPGQV,I,
SMAQAMKGV,I,
LLQPHLERV,I,
REVLEKQPVL,I,
NVAPIISKV,I,
TEETSSSKL,I,
TLQKSTKEV,I,
SEIAGVDDL,I,
GIIGGLTSV,I,
AEELGVVTM,I,
KELEEIYML,I,
YEDIKNVVL,I,
RLREVSEKL,I,
GMCGGVRGV,I,
REDETDVKAVL,I,
GEVRTHIRV,I,
LLLPPQPALA,I,
REDKIFQKF,I,
STFSPSLAL,I,
TLGNVLVTV,I,
REFEENGL,I,
VASPALRAV,I,
HMPPNLQKV,I,
REELRSPKL,I,
GEEGTRPEAL,I,
REQRAEHVL,I,
REEEVSYQL,I,
KVYEGERPL,I,
GLAPLEVRV,I,
ALQEMVHQV,I,
AEFEEQNVR,I,
RELDIYNNL,I,
REIESRGL,I,
SEHPNVTL,I,
GLDEALYNV,I,
RLVESTSLRKA,I,
GMYDGPVYEV,I,
AEHREVLPESL,I,
VEASEESALNHL,I,
QETPGPREAL,I,
KAIRPQIDL,I,
KMTEELEAL,I,
KELEDKVIEL,I,
VEALFKGDNL,I,
GEQREPETL,I,
AEPSANTTL,I,
LEEKPTIAF,I,
KETDVVLKV,I,
IQVTKVTQV,I,
RALEHFTDL,I,
TESKTVIKV,I,
LEVQPEKL,I,
YTADPYHAL,I,
RETSDTPIM,I,
REFLEKNYTD,I,
GLIDKVNEL,I,
YLKDKLDET,I,
KEELGAVRL,I,
RELSEAERQL,I,
AATEVSKEL,I,
LEAEADKIGL,I,
RESDLRHAM,I,
YQHTGAVL,I,
SAVKEGTAM,I,
RVVPPSSSL,I,
REDPAPGL,I,
REVKTGALL,I,
TEDPTEMASL,I,
AEASSVKNEL,I,
AEEPQEKVDL,I,
REDSQYLEL,I,
HEQANVESL,I,
ALNPADITV,I,
KEDAGGMIQRL,I,
GEIKLPVEI,I,
VEYNGGFHL,I,
VLLDHLSLA,I,
KAFQKIVVL,I,
SVYPNGHFV,I,
FSIPEKNRPL,I,
EVQGKVHL,I,
SLVPHNYGL,I,
REESRRLAL,I,
ALGNIVHGL,I,
SETETKQRL,I,
REAITHLL,I,
KEDEINLIL,I,
LLPDTINSI,I,
GLLQQPPAL,I,
GEDKVSVTF,I,
SENPKLPEL,I,
REIDDHDAVLR,I,
ATVQPGQNF,I,
AEIADEVYM,I,
VMLEYVERA,I,
AEAGPAGEL,I,
KAFGVGSEL,I,
VILEGELERA,I,
LENASDIKL,I,
AEKLGFAGL,I,
AEIESRVREL,I,
YQDPQGRHV,I,
LEERGRILL,I,
ALNIATHVL,I,
QAFPRITQL,I,
GETAAGGRLL,I,
ATIGELAQV,I,
QEVTPSRSTL,I,
HAVGPSTAM,I,
SEVAPSFGTL,I,
VEFPSVTL,I,
TIPPPTLGV,I,
RLPNAGTQV,I,
AEHPQPHTL,I,
IERPTYTNL,I,
RILVDVEKV,I,
GLAGSVRGL,I,
AEAKPITEML,I,
HEISEGNVAT,I,
VEFVDVSSV,I,
HEHDGHLYL,I,
GEVEEPPRYLL,I,
KAFSQSSTL,I,
VEDVSAVEI,I,
VLMNQPPQI,I,
SLDPHAQVAV,I,
LAAPNGAEPL,I,
KEEGGGQVEL,I,
HELKGHYAI,I,
HEASGTTAI,I,
SLSEELAKL,I,
VQDENVRGV,I,
GEVGELAEL,I,
AEEKLPMTL,I,
SEDDRNSFTL,I,
LESKDNQKL,I,
GEAPVIQRL,I,
AEPAKELVKL,I,
HETQPLLNL,I,
GLGGSGTPV,I,
REEGDTEPLL,I,
KEKLQEIYL,I,
RELEEKAMEEL,I,
AEYVARNGL,I,
VLLPYIKKV,I,
HEAQLSEKI,I,
QQIGKVVQV,I,
TVLDKTLSV,I,
MMSEDRISL,I,
NGYEGTGRSL,I,
SMPPVYPSV,I,
SETPTLQGL,I,
RESTGAQVQV,I,
REKAEADAKL,I,
RIDPALLTV,I,
RELERSVKL,I,
VAAPQVQQV,I,
NEEHGAPEL,I,
ASSPPVLSL,I,
KMDLLVEKV,I,
KEQDHIIII,I,
AEAPGIRDHESL,I,
KEADEMHTLL,I,
SLLTHIQNL,I,
AEFEQGHQFL,I,
SELHQRDVL,I,
KEDQILVSL,I,
AMMGGILLA,I,
VEWEGRSLL,I,
RENVQGVVI,I,
RLYGNPNTL,I,
LSDPFYRTL,I,
LEEKPGGDKL,I,
AMPQSGTGV,I,
KEGPYDVVVL,I,
KLDSTPLKA,I,
HEAAPSQL,I,
TVMDEIHTV,I,
VASGGAQTL,I,
AQYEHDLEVA,I,
SLADVHIEV,I,
SLTGANITV,I,
GLNEHNHHL,I,
SEDVTALL,I,
YEQLLDVKL,I,
TAFGTGTGL,I,
KEAFAIVSV,I,
REDGKKVFL,I,
SELSEHVKL,I,
HEDAVAAML,I,
AEPHLPEPQL,I,
SEYARPHVM,I,
SEEELIHHL,I,
GLDNQIQEI,I,
ALKDSVQRA,I,
KELYGPDNHL,I,
RELHLNNNL,I,
ILSGVIRSV,I,
YEEDGARSI,I,
KLSAEKVEI,I,
TLFSEPKFA,I,
QLSPRLLEV,I,
REGEYSKVL,I,
TIGLIHAV,I,
PGAGSQHL,I,
HEIIHAGEKL,I,
GEYKKDELL,I,
AASPRPQSL,I,
VMAELAKEL,I,
KELPGKFLL,I,
SEFGSKIIL,I,
QEALEPAVRL,I,
IVDSKPNGV,I,
IATDDSKAV,I,
KEELAANNL,I,
SVAESLNYV,I,
KMANSVTDL,I,
VMIGGEPYTL,I,
RLQDLQQQV,I,
SEDPTYTVL,I,
GEPFTVNPAL,I,
LEVDRLEEL,I,
KEVSKLVRL,I,
YTTDRVMTV,I,
LLLDVPTAA,I,
SEDGLPEGIHL,I,
ALISNSHQL,I,
HVLDVIHEV,I,
AMWEHPITA,I,
ATFDEPRTV,I,
ALRGEIETV,I,
TELPETQRL,I,
GEDQKEIKI,I,
FLPEPMGTA,I,
SEEFRQREL,I,
REIDDHDAVLRF,I,
TMYPGLPSRL,I,
EEDELDTKL,I,
AEVADTQLM,I,
REIRDIPGTL,I,
SESKNILDEL,I,
SEEMIKSEL,I,
AELTPHQTF,I,
GEFIIGRVI,I,
IEPSINHIL,I,
KEVAPPAVL,I,
RVDAQPVKV,I,
VLGDDPQLMKV,I,
GLIDDYSMV,I,
SEFDRQAEI,I,
RLPEQPVDV,I,
KESTGVTTL,I,
SEEGITKSTL,I,
REIDTLNERL,I,
HMMPDLPNV,I,
ALDGEMRNA,I,
AEEDGRGKL,I,
GEAVKDVTL,I,
REFGEEALNSL,I,
RESREHLRL,I,
SVLENPSHV,I,
LISGVVHEI,I,
GLSDIHHRM,I,
TSDPGRHVM,I,
REAGPSVAV,I,
GLAGPLHGL,I,
VEISAKELI,I,
ILSGVVTKM,I,
TEFGSPSEL,I,
TMHDYAPLV,I,
FMNPHLISV,I,
AVAELNYGL,I,
GEGQRIDIQM,I,
SLGGAGIGV,I,
SLAANTFTI,I,
GEDYRSLVI,I,
AVGPVHNSV,I,
RESPLQFSL,I,
VEHISGVSL,I,
GAQDPVRTL,I,
FEEKQGTEI,I,
VENPEHNDFL,I,
ALDTPVMV,I,
RELDRERQKL,I,
REAPAFLKL,I,
RAPEFLPEV,I,
YAYPATAAA,I,
IANPTATLL,I,
KAINVFVSA,I,
RQWIGSIEV,I,
AEVMLGHGL,I,
ALNSKDAAL,I,
NEVFIGESL,I,
HAAGEAMSV,I,
VEFVKSFNL,I,
VADTVARVL,I,
REFKARVDSF,I,
MEADPELSKF,I,
GEEIFGTIGM,I,
KVEKGETSL,I,
SLIDKTTAA,I,
GEAEREFIL,I,
IAPPEAEGV,I,
TEDRNTALETL,I,
AEAERLGHEL,I,
QEVRDLFQM,I,
GLAHFVNEI,I,
LEERPAVMTSPL,I,
LLDPSTPVHI,I,
SAHIMGEAM,I,
KTTTIAVEV,I,
KAIEDKSRSL,I,
KMPNGSAGV,I,
GLDRDALVGL,I,
YLEDRTVRL,I,
ALWDIETGQQTT,I,
GLADKVYFL,I,
KEVVPAIEKL,I,
YLATVRSDL,I,
REFRADARAV,I,
ILQSETEKL,I,
AEPEAEPHL,I,
YVVGGHTSL,I,
SESTSPSL,I,
FMLPDPQNI,I,
LAPHVRTL,I,
YANYYTREV,I,
AAAAATMAL,I,
AEYLTPVL,I,
RLAEKFPVI,I,
AEEREKTVL,I,
AVIGLTKSV,I,
REVSEHGRHL,I,
ALLDSSHSEL,I,
AEPDYVQPQL,I,
SAYDNVNKV,I,
AEMPEKGVL,I,
KEVESFQQL,I,
SEDPRFPKL,I,
VQADAPHGV,I,
YEEGSNKRL,I,
VMTPELAGV,I,
SETNDTKVL,I,
AELVTPIL,I,
KTSQTMEL,I,
YASENVNKL,I,
KLVKEVIAV,I,
VLVESEHQV,I,
LEFGSEPSL,I,
REKVGDITIL,I,
READSIAAV,I,
REKEDGAFSF,I,
RESAEVVKEGL,I,
AAHGGQASL,I,
FAGDLVRNL,I,
SAMKAVTEL,I,
LANGQTKVL,I,
KEVARLETL,I,
AMFEPDMQEA,I,
HEQDLGPAL,I,
MADSGTKAL,I,
GEFGKKADGL,I,
REALGHQEKL,I,
AGSDAGRAL,I,
KELHEKFDLL,I,
ILPERAEEA,I,
KEESSSISSL,I,
TEVGDNWRL,I,
LESSIEQRL,I,
REFLERKH,I,
ALLPSVKEDKMLM,I,
VLPAVSLEV,I,
ALLDDSKEL,I,
EERPIGHL,I,
VINPEPITL,I,
HLFGNLEKL,I,
KEDFYGEIL,I,
AEYAGRLGV,I,
VLEDKVLSV,I,
FEGPDAKL,I,
SLADDSVLERL,I,
KEEAAEYAKL,I,
SVSSVNPSV,I,
HEVFQRDGNDL,I,
TAEGHPKSL,I,
ALDANIARL,I,
IADGGFTEL,I,
HEAQLKNGSL,I,
REDSNILSF,I,
GEKIIQEFL,I,
KEFQDLREVM,I,
EWNKKEEL,I,
FLDIPRSRL,I,
SENAERILI,I,
VAHPGAKSV,I,
GAYSPGQSSL,I,
GEIRELKQL,I,
SLDGKAIKV,I,
AAAESGREL,I,
RQLEAIVRI,I,
SLIADMEKV,I,
VEHTDGQSVL,I,
GTWNGTTRV,I,
AEIIQHDQL,I,
VLPSIVNEV,I,
ALLPQNHKL,I,
RLADKSVLV,I,
FLADPVSNM,I,
SEKEDSNSL,I,
LLDNTDIHL,I,
AEARDIPVL,I,
AAAAAAAAF,I,
SASPNGAEL,I,
QEETGAKISVL,I,
KEHKNLAEAL,I,
FLAGAVTSV,I,
VAGGGASV,I,
GEAVIYGDRL,I,
REEQIVQLL,I,
REFKSTNRL,I,
RETDDTLVL,I,
SEKDIGNQL,I,
RIPSFVTEL,I,
KLPIPDPGV,I,
KLSSENIEL,I,
GEIHPPKLVL,I,
TEAIGKNNPPL,I,
IESSPQYRL,I,
TIAQLVHAV,I,
ALGPKPQGL,I,
VLMTQQPRPVL,I,
SADGMRLAL,I,
TAHASAQSL,I,
RLPESFPEL,I,
LLLSGRPTRA,I,
ALAPVTIEV,I,
KEFDGTKVFL,I,
REVPPAVGL,I,
NEHDVVVQL,I,
LDEHVQRV,I,
YAAELIERV,I,
ESRAVITSL,I,
GLVGSLQEV,I,
GLAPPQHLIRV,I,
KMEDIERQV,I,
KLFHEVVQA,I,
GEYGNLVTI,I,
KEALESEFRSL,I,
GESSSEHFL,I,
GLAQDPKSL,I,
FEEEELQRL,I,
VADTSAKAV,I,
REQIDNLATEL,I,
AEPKERPLL,I,
YEDEDSLKTL,I,
IIEDKTFGL,I,
RMFFGKNKV,I,
KLMELYERL,I,
SVFAGVVGV,I,
AELSDYRRL,I,
SEAYIDARTL,I,
AEMAQNAVRL,I,
SEDRRQVRL,I,
ALRPEVERL,I,
SEDDTKSLFL,I,
QENGSLVEI,I,
GESEAAKQL,I,
TMHDYPPLV,I,
HEQGKDIDL,I,
KMLEKLPEL,I,
SLLPETPTV,I,
SVASTITGV,I,
AVGDGPPRV,I,
IATDDSHSL,I,
ALDDIIYRA,I,
FVPDTPVGV,I,
FSIVRPRRL,I,
GLEKDVVRV,I,
LSAPIHTQM,I,
KLIDGQVIQL,I,
KVIPVYVGV,I,
SLAQYNPKL,I,
RIPIAVSGV,I,
KEATDAIGHL,I,
GLAEFQENV,I,
SESALPTSL,I,
GELRVTQIL,I,
KLAENIDAQL,I,
GLLGTGSGL,I,
AVDESVHTL,I,
RILESSPGV,I,
GLENDLKSV,I,
IEYQGDPEL,I,
DGAGKTSL,I,
GEVGADLPGSL,I,
RETKVLGALL,I,
ALEERLAQA,I,
VAYDSDYAL,I,
TIKEGSQL,I,
KLVEYIVKA,I,
AENKSAVEM,I,
GLPDNISSV,I,
RETDCGVHI,I,
GEVDFKEFI,I,
GLGGVFKV,I,
GEDREATGV,I,
SEFSLVDKL,I,
VEDPETGLRL,I,
SLEDFEQRL,I,
AENRRLHEL,I,
KLDAHVERV,I,
GGSNVHIIL,I,
REMQSVVQL,I,
HEDLRKAAVL,I,
YGTRYGASL,I,
VESKVKDIL,I,
KEFERERRL,I,
YEASLPHQI,I,
KQFAEMYVA,I,
RQVQIEGETL,I,
REKPDDPL,I,
ALPHVVPTL,I,
SEAANRNNDAL,I,
FAGQPLTI,I,
AAWSGSGRSL,I,
EEASPEKTTL,I,
HLQEQPRKA,I,
APGGKKSL,I,
IEKEVGNDL,I,
RIDEKNFVV,I,
AIIDKYIKL,I,
TEAQANQISL,I,
SVWFGPKEV,I,
AEEQAKFRL,I,
SLQDHIEKI,I,
SEDASIHRL,I,
AGVPAGGVL,I,
IVAEPGAVL,I,
SENPPNHIL,I,
AEAQGSTTLL,I,
KELDPRGVHGSSLL,I,
REFDQKALL,I,
AAARPKSAF,I,
LEVDDHTAV,I,
YLGSGRETF,I,
EVGEKIAL,I,
NAINITSAL,I,
NSNPVIAEL,I,
GEYSEAIPIL,I,
IAIPVTQEL,I,
IGDPHTHEF,I,
TLAQQPTAV,I,
REYESQAKRL,I,
GEDNSPVIL,I,
REHPGPALL,I,
AEQLPGREHL,I,
GEHGDSSVAV,I,
EEILDEANRL,I,
SQFGKLERV,I,
TETQEKNTL,I,
GVLDKLRSV,I,
REEAHRVSV,I,
SEEPFVVKL,I,
AEAAEQFKL,I,
ALMKEEGVKL,I,
AAGGTASSL,I,
TGSPVSTEL,I,
GEAESISSL,I,
SLLGGNIRL,I,
VEITEESKALL,I,
SVAAQLTGV,I,
LTPKLFHEV,I,
YASEIKEL,I,
GESPGPFVDM,I,
AELQPPVQL,I,
LIDPFHKA,I,
GEVSVVPPSRL,I,
SAVPPGTSL,I,
FGEAGGRTL,I,
LEAEELEKL,I,
SEERDRANL,I,
REIDVRIDRN,I,
KEASVHIQL,I,
GEVPSQASL,I,
HIAEVSQEV,I,
REIEEKLHKL,I,
KEGPGLAEL,I,
KEVESPYEV,I,
VMVDGKPVNL,I,
KELTQSELEL,I,
MEIEQSVKSF,I,
RVAGFNPAL,I,
YEVAPPEYH,I,
AETPTIPL,I,
KEITEKTRV,I,
AEVEVSIPAKL,I,
REMFEVTGL,I,
KELEKKNEAL,I,
AAFPYGGVL,I,
TMLGVSHVV,I,
GMLDTHHKL,I,
AEASMVIAV,I,
QEDNPSGVIL,I,
ILYSKTEHL,I,
FGNDISPEI,I,
GEAVSETL,I,
SEENKATPL,I,
KILEDVVGV,I,
AEYPAVKF,I,
GLGGNPMAV,I,
KEVFEDAAEI,I,
GLDSQFVGV,I,
SEILETSSTKL,I,
TEVGITNVDL,I,
TEILDPDTL,I,
EVAPVSPEV,I,
TLGPEHPAV,I,
EEASTGSHL,I,
KTGEVLHEV,I,
QREEAAEVASL,I,
RMFPGEVAL,I,
KEQIVKQNL,I,
REASQEQPVSL,I,
GEDGPAIAI,I,
RLMNETTAVAL,I,
KLQDASAEV,I,
KADMNVHLL,I,
HLAEVLERV,I,
IEAEQVPEL,I,
HADASSKVL,I,
GEILTREHI,I,
VAHSPPSTL,I,
GLHEDLNRV,I,
AEYMKHTRL,I,
GLTEFNPEI,I,
KVLPRIHDV,I,
REGPYSISVL,I,
ALTPGLDEV,I,
AEVKEKTELL,I,
LLIENVASL,I,
KMSELQTYV,I,
SVTSHIYQV,I,
RLAHEIEAL,I,
AEAQTIRSV,I,
RESLIKPRL,I,
VATKIFQEL,I,
QLFSEIHNL,I,
YEVHHQKL,I,
IEHRNEAEL,I,
FFFPKSRIV,I,
HAGPANTHL,I,
KEMEEQIEI,I,
RESNVGGIQQL,I,
SESRPLIDL,I,
GEAPALVAV,I,
EESGEHVIL,I,
KTIEDDLVSA,I,
RETGQQFAV,I,
KAIGSLKEV,I,
GEVEGETL,I,
RESPDTQALL,I,
GEIGGTEEY,I,
REKLPSSEVV,I,
GEVFIHKD,I,
NADPNMKLF,I,
ALTPLEPRL,I,
NEIVTFERL,I,
ILPHSPINV,I,
REMEKGSPSL,I,
AESVTEEKF,I,
KEFESHLDKL,I,
GEDLPTIVI,I,
KELPITGTDL,I,
AEGYPIPTKL,I,
RLQPPPAQA,I,
NEFEATQKL,I,
SLAGDVALQQL,I,
READAALFSEL,I,
MDSKIVQV,I,
IEDPVPTL,I,
IAVANAQEL,I,
HLSNIPPSV,I,
AETPHGAEE,I,
FAVGLGPRL,I,
REAFTADGDQVF,I,
AVTEQGAEL,I,
RECENQLVL,I,
RLAETQEEI,I,
KLNEVIRQV,I,
RLGDVVRV,I,
HETTFNSIM,I,
GLQEAQYRL,I,
REVCDEVKA,I,
REVQREYNL,I,
KEFKDREDL,I,
SESSDLAGRL,I,
ALLGKIEKV,I,
KAMGIMNSF,I,
GEGDSVITQVL,I,
AEHKIDLRL,I,
GEDAFRAVL,I,
AEVTTKSQI,I,
KENASAGVERL,I,
GEFSGISDGP,I,
GLDRNAPSV,I,
SEHSGPPIVI,I,
RESGELESTL,I,
HESENSPVI,I,
KLTENLVAL,I,
YEFKPIVV,I,
ALIPSGVTV,I,
TAAPDLKL,I,
LEVVTPEVL,I,
KEDLSWPGL,I,
KEGVVGPEL,I,
REPAAEIEAL,I,
SESARQLFL,I,
AEALKEVSL,I,
AETVVDPEM,I,
GEIFNKQIL,I,
READLLAAQSL,I,
TIVDTGIGM,I,
ALAEEVEQV,I,
GETREETLL,I,
GSYDKSVAL,I,
SEEKLTFSL,I,
AEVKERVTL,I,
SQHGVIIQL,I,
FLQEGDLISA,I,
IEVGEGVNL,I,
RLTEYSRTL,I,
KLLGKVETA,I,
SESPRSTSL,I,
REVEENGIVL,I,
VLPQEISQV,I,
HEFEEATNL,I,
QEAVAGAAVL,I,
TEISLQQRL,I,
KENGEFYEL,I,
VLDSVKLEA,I,
REFQVISEQL,I,
AETLYKEIL,I,
HLDTVPPSV,I,
IEERTAPTAL,I,
AEMERTSVL,I,
GEDLTKVPL,I,
KQQEEQTRV,I,
SEEPAHGL,I,
GLDKQIQEL,I,
IVDRTTTVV,I,
AEREEKEKL,I,
KEAADPLASKL,I,
SAAEPTPAV,I,
GEIYVPEL,I,
FVDEGKATV,I,
RLDTHPAMV,I,
REYDTAEAQSL,I,
GESGIKVAV,I,
KEQERIFQL,I,
GETEELSRL,I,
AEVKYTQGGL,I,
SEQKFLIGL,I,
SLDGRQIRV,I,
GELLKQADL,I,
AGAGGSPSL,I,
LEDYHPAEL,I,
ILLTEPGQVKL,I,
AGAGHFEVV,I,
GEYSDPVTL,I,
KEYGANVL,I,
KIADFGWSV,I,
SESSQRTDL,I,
FLDGNEMTL,I,
TEAKNEKESL,I,
ITDGGVKVL,I,
RLFHDSAVTSV,I,
GESKDYAL,I,
TQDGNIYQL,I,
GEIFEKFHPI,I,
KTWKGSIGL,I,
ALEEKIPNI,I,
SEMKHNLEL,I,
VEIEREVLL,I,
RELQAMSEQL,I,
AAAAANTL,I,
GEVTPDHLI,I,
RIADYVPGVKK,I,
REVEGLKDLL,I,
GEEDPAAAFL,I,
ALAKAPFAA,I,
REIDPDQPKRL,I,
GAAIGSAL,I,
VSSPPTLHM,I,
GEVLEKSLL,I,
REMEFPSSL,I,
GEGEFGAVL,I,
GEILPLKTL,I,
IADEEQKAL,I,
FLDDLSQKL,I,
GESSDSGAGL,I,
KEVETRQQL,I,
FQYSKSPSL,I,
AENAGSYSL,I,
REMREDEKPLVL,I,
REKEEQRGL,I,
GEVDGHTI,I,
VMDTKVDEL,I,
SLSPRPPAAA,I,
VENREENLL,I,
AAAPAGRAM,I,
GEHSGTVGV,I,
ALSPNYDHV,I,
REGFDKIDL,I,
GEFFKQIGI,I,
GEFRTTTV,I,
NAYTGIVL,I,
FTSHPQEL,I,
SLDSSGFSL,I,
REVEVEVESM,I,
EEDPNTHIL,I,
YLTDRVMTV,I,
SITSELHAV,I,
SLFSTPHGA,I,
AEFEEPRVI,I,
REDGSFSFY,I,
AEIPAGTIL,I,
SLYGYLRGA,I,
GIAGSLKTV,I,
TVLDKQIMV,I,
TEMDPVII,I,
KEAYAPQISL,I,
SEDGRTYFV,I,
SLLETERAGRQA,I,
KLNEQQSVL,I,
VMFGGKQVVV,I,
KLFDDDETGKISF,I,
VALPPGLAV,I,
FVDGSAIQV,I,
VLGPGPPPL,I,
RILTDVNVV,I,
VADEQNRAL,I,
HVQGQTREL,I,
GLHNVVYGI,I,
YVDPVITSI,I,
REKASKTFL,I,
KELPDLEDL,I,
TAYDNFVEL,I,
SAQDRQLTL,I,
RESSEDSFL,I,
KLQDGNHLL,I,
KEDFSSFQL,I,
IAIGNPVHL,I,
YSFDGPSL,I,
ALLDIQSSGRA,I,
LAAAVPTAPA,I,
SQWDSPMRV,I,
AEFRPSSEIV,I,
KEIKRGTKL,I,
RELGHEKDSL,I,
KIAELLENV,I,
AAAAPSPVM,I,
RELISNSSDAL,I,
SEHPDQAQAIL,I,
AEAQLDPSL,I,
LVNGKSLEL,I,
AEEGGVEMKL,I,
ALLEMDARL,I,
KEDPATQTNL,I,
KEEGNLEAVL,I,
VEFVDEGSTSM,I,
KEFPGLAGV,I,
ENPHGARL,I,
KETEPQNVDF,I,
FLESGKTNL,I,
AEEEYVGPRL,I,
YLGKVLEL,I,
SALPVSPSI,I,
FQIDDTYSV,I,
LLSEQGDVKL,I,
GLSAGLSSV,I,
HEENLAERL,I,
RLHERLVAI,I,
YGEIKNIHL,I,
LATDQGSKL,I,
GLSQSISRI,I,
REQAELTGL,I,
RLMKELEEL,I,
GEFLESDSV,I,
SESVGKHML,I,
REAVSKEDL,I,
KELPEGWSL,I,
KELIEAQEL,I,
GEFTGFVDM,I,
KELNERVAAL,I,
RERFLKGEGL,I,
TLQNDPPSL,I,
GEARGNGTQPVL,I,
FLLDPVKGERL,I,
TAIRSGEAA,I,
SEDTAILKL,I,
FLEKLLPPV,I,
AAGAYVHMV,I,
RELDSIEAEL,I,
AESPSPPRL,I,
SEAPSYIAV,I,
AESHSTVTVL,I,
SVDDTIVAL,I,
VISEKLEEI,I,
DEIPETVSL,I,
IVDGRVYYI,I,
HEIGHGIAAI,I,
SEAKDLISKL,I,
SIVDPQNQTM,I,
KEAPPMEKP,I,
AAMKNVTEL,I,
YEARTTEDL,I,
GDPSVHLL,I,
SEVEPSVNADL,I,
RVTNVKVTL,I,
REDDIKINAL,I,
AEAGELREQL,I,
ALESGRYEL,I,
TLAAAVPKI,I,
VETRLREQL,I,
FGADARAL,I,
YAKIDPSL,I,
RQLEEEGITFV,I,
TEYPVEKL,I,
QEEDTFREL,I,
YWQNHPEL,I,
VLLQVVPSSA,I,
KESESSLDVSL,I,
RLADVLWNS,I,
REVFPQHHL,I,
AESTEKHARL,I,
KVSNSGITRV,I,
KESDSVFVL,I,
REFKTTNRL,I,
FSTPKGQTL,I,
RLIDLGVGL,I,
KESSEVYFL,I,
NLLSSHVRGV,I,
KLISKFDKL,I,
TVIENIHTI,I,
ALLEKGITEA,I,
YEDGALDSL,I,
IAFPTSISV,I,
REYGGEGTDF,I,
FAYPGTSER,I,
FERESDVPL,I,
REAATNNLM,I,
YEEILNTKL,I,
KQSNVQILV,I,
AAAMGVPEI,I,
SEDDLKTVF,I,
VMIPVPAGV,I,
GEIATSQERL,I,
GEDGRPFHYL,I,
FTADVRSVL,I,
VLLSDSNLHDA,I,
QLAQFVHEV,I,
ITSDPGLSL,I,
IEKNLETPL,I,
IEEQYPTSL,I,
HLTDITLKV,I,
FALGAGTAL,I,
GLAPGTAYL,I,
GLSDERISL,I,
KLHDINAQM,I,
EEVEIEREVL,I,
SAYGKFRKL,I,
REGPSSSKL,I,
HEFEEATNLL,I,
ALQETLIRA,I,
RELEQRVSL,I,
AEIQAELERL,I,
AEAGAGSATEF,I,
REKEERILAL,I,
KEFIDNEMI,I,
SALPNPPAL,I,
VLQRDLRKV,I,
HEINSQEL,I,
SVYDGHGGEEV,I,
HLPELLRSV,I,
ALAPAEVQV,I,
AEFEVVRTI,I,
LLIGHLERV,I,
KEFDNGHLL,I,
LGRLAHEV,I,
REKDLTEVSTL,I,
SEDPGPNWKL,I,
ATGPPVSEL,I,
NLLESVQRL,I,
REMATTEVL,I,
AILETAPKEV,I,
TEATEVVQL,I,
SEETRAAKL,I,
HTAAPGMSA,I,
GLQDNDIKL,I,
FADSHHRSI,I,
SIHDVTFQV,I,
EESAFSTVL,I,
AANPHSFVF,I,
KESERDRAML,I,
YIDLPPPRL,I,
SLFSSPPEI,I,
REITDHLDRL,I,
RELVAHHL,I,
GESVQGSHV,I,
GEARASPGHTL,I,
KLVELPYTV,I,
KELEENKRSL,I,
SEVDLAKPL,I,
QEETNFKSL,I,
SEIKGEVLYL,I,
TELTTKSSL,I,
RVGDHMMFV,I,
REGANYAL,I,
VEKYIEEQL,I,
LLPDLIQKV,I,
AEQHAVQEL,I,
KEQQTVTKL,I,
GESGGSRVF,I,
AELHPVEL,I,
FEHKEEVL,I,
SEDPGSLL,I,
AELEDLRQRL,I,
GEVAYGQVL,I,
KEFGITPSTL,I,
FSQEPPDAL,I,
VEFNHTGELL,I,
IVDPETGKEM,I,
KEPLTIVKL,I,
REGTIGDMAIL,I,
GEAQRLIEIL,I,
NEAETKSTL,I,
KSYEAQDPEIASL,I,
FIFSDTHEL,I,
KEMGQMQVL,I,
ALDTTRHEL,I,
SETINTELL,I,
AECDRRTEL,I,
GGLDRYFQV,I,
AEAQAGTTTL,I,
KEISPLLSM,I,
EMMDAQLRL,I,
KLDDNSIQL,I,
AELPAKIL,I,
VVAEDPAGLKV,I,
GEFEKIMQL,I,
NAARAGASF,I,
SEEEVKLAL,I,
AEALERMFL,I,
KEGMIDIKL,I,
ILNPDGYTL,I,
MLANDIARL,I,
HMSGKLTNV,I,
RESAEVHLI,I,
RLAQAMETA,I,
IEEKKNRTL,I,
AEIKTTNEV,I,
KEDSNSLTL,I,
SELDGRCSL,I,
REAETLREQL,I,
SLMDPPGTAL,I,
GELNLGKEEM,I,
ALDTSNVMV,I,
SVDSAPAAV,I,
RMLDSGADYL,I,
IESPRSEKL,I,
GIVTRVSEV,I,
SESSTKDSL,I,
GEVDHAMEL,I,
EFQEHEHAL,I,
VASEIQPFL,I,
ALAFKLDEV,I,
KIDEKTAEL,I,
GLDQQFAGL,I,
KETEVFYEL,I,
TESQKTIVL,I,
REFQNPPQLSSL,I,
KLYDDMIRL,I,
RETLLNSATTSL,I,
TLSDVVVGL,I,
TMEDTLMTV,I,
YANEVGEAF,I,
TEKVSKISL,I,
AEFRRTDSQL,I,
KEMQLDPHKL,I,
AETDGEFSL,I,
SAVDFIRTL,I,
HEQQELLQL,I,
TEPEARYYL,I,
HEAVPLSVF,I,
IANGDIRSL,I,
SELKSGRL,I,
ALSQINTKL,I,
SEPAPVSQL,I,
FIISRTQAL,I,
FLSKQQASQVLV,I,
YEALPQHKL,I,
IEEVSQGLL,I,
AAASTHGAL,I,
KEERRGPTL,I,
ALSSVIKEL,I,
KEVATDVRL,I,
KETSLVKQTL,I,
AEEKPAPQM,I,
SENKEEPVKL,I,
KANPALYVL,I,
AEDTRGQVL,I,
IEIDSPYEI,I,
NEEQLISKL,I,
TEGKIPELL,I,
AEQKVEYTL,I,
HEDAPSTKL,I,
GSDSPRSSL,I,
MEFERQAEI,I,
SLNEKLANL,I,
AEISEQPTM,I,
KEAEPDLLAV,I,
AEPPTWAQL,I,
ALQGGLRQV,I,
NESSVLHTL,I,
IAAPNMKAM,I,
AEHLGDSQSL,I,
EERPRIAL,I,
AESREATGL,I,
GMDDDIHQL,I,
KLVAGEHGL,I,
AEAPDHAEL,I,
RELQEAQNERL,I,
RENVFQEHQTL,I,
EAHARIHL,I,
GEVLEPANL,I,
KELTGLNEAL,I,
AEVGDGTTSVTLL,I,
MANGAVIHL,I,
SEVDSPNVL,I,
REVVTEHL,I,
ATTHLSPEL,I,
VEDRIGSSL,I,
SASTSSHNL,I,
KSYESGISM,I,
IVDKVPSV,I,
REDLEKKQQL,I,
VESPLSVSF,I,
KEIEAKIKEL,I,
GAHEGPAL,I,
GLDIEGVKTV,I,
RLTEEFQNV,I,
YLDLSENRL,I,
FEGVSPKSL,I,
ALNDEIRQL,I,
AEMEGKYVI,I,
GELPAEQAI,I,
AVAAHIQEV,I,
KEEEGVYGF,I,
GESGHTVADYL,I,
ALGEEQNRV,I,
RLDIIETNV,I,
KVIESFIKA,I,
GEAPAEMGAL,I,
QAMDVSNQL,I,
REAEPHPL,I,
AENSSKSDL,I,
KELELYKEEL,I,
AASGSGAEL,I,
GELRSKSGHKL,I,
FELTSEEKL,I,
REQEQKEEKL,I,
SENQGVPVL,I,
GVVHGVATV,I,
KVLGKIEKV,I,
GEAHLKTIL,I,
LETSTGHSL,I,
KEEEILKAL,I,
RVPPVPPNV,I,
VGVAGSSL,I,
KLSDNILKL,I,
REAQELSLEKL,I,
AEVPVPSSL,I,
VEGVGVAEL,I,
KAFNDPSAL,I,
KVQAGNSSL,I,
VEDPRVLLL,I,
READVTRIK,I,
GELTQLKEL,I,
KELEDSLQQL,I,
AEVRVIAPPL,I,
FELEKSESL,I,
NEMSGKVEL,I,
GLAVSEHRL,I,
KLNAKLAEL,I,
SLDDSAKKV,I,
ALKDIVINA,I,
AEDELRDAVL,I,
VLVDRTIYI,I,
REMVATQQEMM,I,
REDLVSEKL,I,
RIIGLKPEGV,I,
VEVEKESVL,I,
ALASVIKEL,I,
LLPPPPCPA,I,
HETDFNGQKL,I,
TENKELLVL,I,
FLDSTGSRL,I,
GLMEDPMKV,I,
SELPGKQGL,I,
SEYLTPEEM,I,
TVMDSKIVQV,I,
EEIDLSGNKL,I,
KEQEAQFEKL,I,
KEEKDFTIL,I,
AEAAAEEVM,I,
FVPPTFKSV,I,
KEEPGFLTGL,I,
SLSEKQYFL,I,
AEHKPLVL,I,
LEESTFSHL,I,
RLLAQVPGL,I,
GELRTSML,I,
VLLEEGEAQRL,I,
KERSYETVL,I,
AEADVRRVLL,I,
GESGRERPL,I,
SQFSGKITV,I,
ILPEKVARV,I,
FASPNMHSV,I,
VAFSPVTEL,I,
GEQKPIPAL,I,
RLAEINREFL,I,
REQEQRQAL,I,
GENAGQTPM,I,
AERDVYTGDAL,I,
AEEESLKERL,I,
KMMSETLNF,I,
AMVPGHHIV,I,
ILAVRPPQI,I,
KLSEVLQAV,I,
VEDDSRLLL,I,
KEYQEIENL,I,
GEGGAMLGL,I,
SLSDHIVLL,I,
GGYANSKAV,I,
FLDGRPLTL,I,
GTISAGKPM,I,
AENRGAVVV,I,
AAADGRLSL,I,
EEVSERVTL,I,
SEINIAPRI,I,
IAIKYSRTL,I,
TAINASRAL,I,
KTAENFRAL,I,
VENPSQVL,I,
ALLTGIISKA,I,
REEIRQEYL,I,
REELSNVLAAM,I,
AMNSQILEV,I,
REEEEKLLHL,I,
RIQDYDVSL,I,
VSAPAGGKA,I,
SAHVGHSV,I,
FASEERREI,I,
KQTEVLVTA,I,
YEVRPEML,I,
FGDLTIKSL,I,
RAVVPPISL,I,
GLAPTVPQT,I,
NIFPYPVGV,I,
FLFQEPRSI,I,
EDKGIKAL,I,
LEVSDDPQVL,I,
GEITEERDIL,I,
GLAPQIQDL,I,
KAADVGISL,I,
AEHPGLSDFM,I,
KIAPLVKSL,I,
AEDRQICPSL,I,
REKATEVELL,I,
GEMKGSAITGP,I,
KEKFEEERL,I,
GEGLSDKNQVL,I,
TAYVGSAV,I,
SEDITRYYL,I,
GVMPEIAQA,I,
AAIPSAPVL,I,
KESGLKPTL,I,
HLDVKPANI,I,
SLKTPGTSL,I,
GEDDLKKGTQL,I,
AVAASGPLG,I,
KLDNQVSKV,I,
TEEVIGSEL,I,
KEENVGLHQTL,I,
RLNDELQAL,I,
SEDSRFITV,I,
RESNSSLQL,I,
GEEIPQGTYL,I,
FLLLPGPSAA,I,
SETAPDLVL,I,
AESEKQQAL,I,
LLGPAGARA,I,
LLNKSIIRV,I,
AIVPPGPEA,I,
GEEVNAGRIGL,I,
YEDRGITSV,I,
KELEEEWVKL,I,
REQQLQQELL,I,
YEVGDSKKL,I,
FEDKTTSVL,I,
AQIEVVPSA,I,
RLIEVNGVDL,I,
KLQDGVHII,I,
REDKDVSKL,I,
YIDQRIHEL,I,
NLNPEFISV,I,
VAAAHSVVL,I,
KLNVAPLAV,I,
VGQDGRQAL,I,
PEADKGTVL,I,
EILSKVTEV,I,
VIEHLERL,I,
YLDPSVLSGV,I,
ALKDKIEKA,I,
AEAKVLTQL,I,
REMAGDNKL,I,
GENETYPRALL,I,
YAVDRAITHL,I,
GEGEVTDFL,I,
AEHSAVDIQGL,I,
KENLPVVIL,I,
SESANRIFL,I,
GEAGPGGPGGASL,I,
HLAIKLEQV,I,
REVKTSEL,I,
AELRDDPII,I,
KLIANNTTV,I,
REGQEDQGL,I,
QETAVAPSL,I,
TLNDREYQL,I,
IEDGKGTIL,I,
SEFGSKIILL,I,
KEYGGLDVL,I,
KESAAHDYTL,I,
SEYDDPPGL,I,
WEDTVQPLL,I,
QEFGVGDGSKL,I,
AEHLDHVMF,I,
FEDVGRQVL,I,
KEMFPGFRL,I,
SLYDQAEKLVS,I,
KEIETTGQIM,I,
GVINRVEKI,I,
REDSEYLVTL,I,
SEFKNITV,I,
GEAQKIDRL,I,
VEDVASHVL,I,
NISDSNPFL,I,
LESGGFRSL,I,
AAAGVGGSL,I,
AANEPHLTL,I,
FLHDNMVEI,I,
VMGKIFAV,I,
REHDIRVSL,I,
GETHVDPIQL,I,
GELVKAIVV,I,
YISGPHEL,I,
KEQSPEPHL,I,
LLMGEARAV,I,
YLGKTVTNA,I,
KALERLEGV,I,
MLDFENQTL,I,
YESQSNPVF,I,
FEHLAPVL,I,
KEEDVLKFL,I,
GLLDYPVGV,I,
ALAEIPGVRSV,I,
NLINEINGV,I,
KEEEELVAL,I,
NETTGGARL,I,
LEVKPSEL,I,
KQHGVNVSV,I,
VEDDPKVHL,I,
SLGPEGEEL,I,
HEHDQPAHL,I,
YMVPKPEEI,I,
EEEEGSWRL,I,
DEIDSIGSSRL,I,
KEIDIYANL,I,
IGYGHVRAV,I,
SETSSVSHI,I,
SLEDHGYLV,I,
RESGKASSSL,I,
KEVEDGLML,I,
RETTEEMLL,I,
TLSEDTIRL,I,
REIEIRFDQL,I,
TGLGKSTL,I,
KLDPTTTTF,I,
GEPEEDIVGL,I,
RALDHYLTL,I,
HVLPGLIHKV,I,
GEDPNKAEEL,I,
GEAHSTQAV,I,
HTNPNFQTL,I,
VLADALKSI,I,
GEEESQFLL,I,
KMTEEQHSL,I,
VANEPASHL,I,
REDLDFVL,I,
TVNPKESIL,I,
STGKVFSV,I,
KEFEQLAPVL,I,
SLDLRPLEV,I,
KEEGKTSAL,I,
SELMLGGTNTL,I,
ALDATHQQL,I,
SLGESPVRV,I,
QEHPAIRTL,I,
SLSDHLLRA,I,
SLHTELNSV,I,
KLFEIQRV,I,
AEEKLQASV,I,
QEIDGRFTSI,I,
AEGGPGAWRL,I,
QETPTSVLL,I,
KELGKFTGL,I,
REDDVYSML,I,
VANGRIQSL,I,
AAEPEQRVL,I,
SLHSKLFRV,I,
DEISDSKAQL,I,
YAEMGTRTF,I,
YVIEPHSMEF,I,
KMQEDLVTL,I,
SEVAAHLL,I,
AAAIEVHEV,I,
KNAESNAEL,I,
HEVPSGNSL,I,
SAAEAYQVL,I,
SSAHPGLEF,I,
HEQLTVAEI,I,
REREPDGELL,I,
AAGPGGLVA,I,
KMYGYVDTL,I,
SENKAQVSL,I,
GEEELASKL,I,
KEDRIDPLTL,I,
SQLDVPFKV,I,
KEHVDKAIAL,I,
ELLPNVKEV,I,
QEHQPSVLL,I,
SAAPAIQL,I,
KELLGQGL,I,
MEHPYFYTV,I,
AASSAHVAL,I,
QEVDSRDWAL,I,
AADPGLHETL,I,
VLSSDGVWRV,I,
EEQKDFVSL,I,
ILQEREYRL,I,
TLGSTVFRV,I,
GEIDKRVEV,I,
NAHIQNEL,I,
KIMDQVQQA,I,
VQNDTLLQV,I,
GMLDLVKKV,I,
FLDSTSPLL,I,
GGGGGLGSGGSIR,I,
QEYQEKGVRVL,I,
TLSNKSYSV,I,
KEIEVEEVV,I,
GTLGGGAAL,I,
SEALEAQAL,I,
KMDASLGNL,I,
ALADIAQSQL,I,
IGAPVGISL,I,
RLQDEIQNM,I,
REALTETTL,I,
FEDGKPVSL,I,
IVDPVQPQKV,I,
RADPGIQRQ,I,
AMNPVEHPF,I,
TEVRADTGGL,I,
YLDRLIPQA,I,
AILTVVPKI,I,
LEEKIPNIL,I,
RETQDPTAQSL,I,
RELAEATGL,I,
AEGDLPTTM,I,
SEMSRVIRV,I,
VMVGELVGA,I,
GLENVSATL,I,
SQYFSPASV,I,
RESLSEVQSL,I,
SEVLVGDLM,I,
HEEIIKVYL,I,
FSQPGLRSL,I,
RELEEEFYSL,I,
KEQESLIKL,I,
SEFSSKLL,I,
KEIGGLTQV,I,
VVQDGIVKA,I,
FAEERNQNL,I,
KLLSENTNL,I,
GEVDKVGKFGL,I,
SELQGERIVSL,I,
RELGSGDTL,I,
RIWDGVRKS,I,
HEEEIQQIL,I,
HLDVQPAAL,I,
GENGHSTDTL,I,
YEVGDPGQRTL,I,
AEDSARTLL,I,
AEGPVVEKI,I,
HETAVSVSL,I,
ALLDGKATL,I,
AEERSQFEIL,I,
AELVTPML,I,
REMEQAVEL,I,
RELVPESQAYM,I,
SELEDGHTAL,I,
AATKVTTVL,I,
KEVGDGTTSV,I,
TETRWQEDL,I,
IEDSRVYEL,I,
HGYVGADL,I,
KELEDFEM,I,
SEAASKGDFL,I,
NQWDGTQHGV,I,
ADPSAKAV,I,
EEMGIGGVL,I,
SLFPGHPHSA,I,
LELGAEHAL,I,
RLDPSGGALLL,I,
YLDVVQSNV,I,
KEFTAQNL,I,
AESPDEAAL,I,
YVKDRVEKV,I,
AEFEKSAKENL,I,
SVLDVDGMKV,I,
SQCPHIVRI,I,
AETEEIKTIL,I,
GEERSLFAL,I,
FQSPGLRGV,I,
HEEDTNAVIF,I,
SGYSGGLAL,I,
YMIDPSGVSY,I,
RIGEQDHRV,I,
GELPTSPLHL,I,
AYAPKKEL,I,
SLSPVEVFA,I,
REYEDNDEVHI,I,
REDGSFSFYSL,I,
GEIKTPTGEGL,I,
KILDTSVAYV,I,
SEAASGNHRL,I,
KEVSMDDHKL,I,
RELGARVRAL,I,
EELGRGIAL,I,
KEKGTWVQL,I,
KEKEPDNVDL,I,
REATPENDPNYF,I,
AALDKATVL,I,
VEASEESAL,I,
IESPDSSSSSL,I,
AAAPQSLEF,I,
SLVQGELVTA,I,
SESAAVKEIL,I,
AEDIAYQL,I,
GLAKSSTTV,I,
ELMEQVPHI,I,
KEFGEPWDL,I,
AEDGSRVYV,I,
REEEAELVRL,I,
ILMDKERLL,I,
KEETPPVRTL,I,
GAAPGHRVL,I,
REALGGINEL,I,
SEGNTFSTL,I,
KEAADIIQKL,I,
GEIRATAF,I,
GLGDAKDITV,I,
GEIKEDTSF,I,
REFVEKSFL,I,
RLIEEENML,I,
SAAPPGASLL,I,
NETVAIHSL,I,
REDNNTNRL,I,
KEIAEAYDVL,I,
KLGPDDVSV,I,
AEVQSNRGL,I,
KLADDVDLEQV,I,
HELKEENRTL,I,
QEENKKIVL,I,
SLLVGIHDV,I,
NENSNIQVL,I,
ALASHILTA,I,
RLDNITQV,I,
KELASGEYFL,I,
AEFKNITRI,I,
KVANIIAEV,I,
SMGSTTVRV,I,
REEHLLEQL,I,
AEVADEKMLSGL,I,
KLGLVQKV,I,
VLVDQTTGL,I,
KEISDLHYL,I,
FLDEDQLRA,I,
AEETPDGAPAL,I,
LSDEHAREM,I,
AMLPSITNV,I,
ALPPVPKEA,I,
AGVPVGPHL,I,
LLHDGIPVV,I,
REFLLTGREDL,I,
KEKPEEESL,I,
SETRPGEYVL,I,
FSIPEGQKL,I,
SESGVIGSTL,I,
KSIPGFSSL,I,
SLIERDLKL,I,
QEHLQLQNL,I,
AELESRVL,I,
ALLPEPNHV,I,
YFITPTGHSL,I,
RMYEVPELA,I,
FLVGERVTL,I,
AESKLQTEV,I,
QEDVRLIGL,I,
MEFPDNVL,I,
GLAEDSPKM,I,
RAHASERPF,I,
SEDNPQTLL,I,
RLMEENWNA,I,
KLYTGLREV,I,
YFISPTGHSL,I,
REVQEAVEL,I,
TEEERRAEL,I,
AEQACKEKL,I,
YSEDGLLKL,I,
ATAPLISGV,I,
IEDPYSPRI,I,
AAISTSRVL,I,
ALNDHFVKL,I,
YESGEYEML,I,
FTDLGSKDL,I,
SEDDGTVLL,I,
KLEEENRSL,I,
KMPEINAKV,I,
HEQASNVL,I,
SEIEPNVFL,I,
GEAPAPEQYL,I,
HEDGSQHIGL,I,
HEHQANLL,I,
KLPPVVGI,I,
VEFREVTEL,I,
QSYGNVVEL,I,
RETLTQGLEF,I,
KLLGNIKNV,I,
SEAEGARAL,I,
GEDHQITEV,I,
GTFSQPEKV,I,
ALPDSMVSV,I,
KEDEQPQVVVL,I,
SLAARAIAV,I,
YSADGHSIL,I,
AEAIHSPQV,I,
VLDRESPNV,I,
EEIDHAVHL,I,
AAAPGHSAV,I,
TQLGPPYHIL,I,
SEEVTSTEL,I,
GLSSELRSV,I,
SEFFTGSKL,I,
AEDGSAGVRVL,I,
KELRNFEAL,I,
VLDGSGHIL,I,
SELGGIWSV,I,
VAYGKGTYF,I,
LEDFDIHEL,I,
TEISLKDSTL,I,
SLAELVHAV,I,
REPGADAPL,I,
SLATTLTKI,I,
KLDNNLDSV,I,
MLQDFQIQA,I,
AELLLKSSDL,I,
SEVVEIQAL,I,
EEENGQGHL,I,
SLLEQGLVEA,I,
VESGGPEIL,I,
RELPESGIQL,I,
TMIDFPQMV,I,
SASESILEL,I,
GEIPVAQVL,I,
TEIEGTQKL,I,
VEDSNNHHL,I,
AEYKEEELL,I,
AASPGAPQM,I,
SETGKLIML,I,
REDAEQVAL,I,
MLDDRAYLV,I,
SEAARPATSTL,I,
RIYDAQNEL,I,
NEVQAGAARDAL,I,
YESLTDPSKL,I,
FLDEIHRRA,I,
KELRIQRSL,I,
KEVDALLHL,I,
GEYQNQEIHNL,I,
SVITQVFHV,I,
ALQEVLKTA,I,
GAISQGMSV,I,
ALFAGGKLRV,I,
RETLTRVLF,I,
ILLAEVDKV,I,
YERSNEYQL,I,
AAVEAAAPM,I,
SLGNLDISV,I,
TEQRSKGDAL,I,
KTAPPGSAV,I,
GIAQVMVL,I,
ALASLENHV,I,
GEDTSDLFL,I,
GEQPVKSLL,I,
KEDEDIYKL,I,
TEITSSGFRL,I,
AELRIQPGNPNYTL,I,
KVFSGALQEA,I,
AEFPLEPML,I,
FLQEKSPAV,I,
REDPIVYEI,I,
KIFVGGLSV,I,
AEATALVHTL,I,
AAMIPTQNL,I,
FVDPAQITM,I,
KEQEPIGTDL,I,
GEAHPSASL,I,
SEIFPSKL,I,
KEHDILSQL,I,
RLQDELVTL,I,
REANFTVSSM,I,
LMDSNLPRL,I,
FQGDLVKEM,I,
AETITTHYL,I,
AEAVVETKM,I,
KEVFLEQRL,I,
AEQEGARQL,I,
RLLGEEVVRV,I,
ALASRFLKKA,I,
EDKGALAKL,I,
GLIEILKKV,I,
GMDEKEFTV,I,
SGDEGIKVL,I,
LESVVQERF,I,
RLAPTLSQL,I,
ATMERLEKV,I,
WVDETLSSV,I,
SEEKAPEL,I,
LESKIREHL,I,
LLSLDPAAV,I,
GELDLDKQSEL,I,
AEFQGRSTEF,I,
KALKPGLSA,I,
GILGIQPPSV,I,
SEMAVSEL,I,
KLGIVQGI,I,
AESGPEKPHL,I,
GEYYTPAL,I,
NLFNKYPAL,I,
RVSELHLEV,I,
ALLDVTHSEL,I,
AENPAMTRELL,I,
KIIYIVHDEV,I,
RGYDGRNAL,I,
REIKKQLLL,I,
TEGDALDAL,I,
HILDFSPSL,I,
ALFSDTPANA,I,
REALSQEVM,I,
AELELQKQL,I,
AEGAYQVRL,I,
GEDAGNNFFL,I,
EETSHIEEL,I,
FQSSAVMAL,I,
REVQQTLEEL,I,
AELSPVEQKL,I,
GELKIAYQL,I,
SEHTGAIDVL,I,
SENQPFPSL,I,
SLVSKNYEI,I,
EEIAKVEKL,I,
SESRAGMLL,I,
GESQTDIEI,I,
LEYGVPVTL,I,
AEVLAKKEEL,I,
KVDEFSGVLRV,I,
AMGEKSFSV,I,
READSQDLKL,I,
NLADNVQSI,I,
AEDTRLIEL,I,
LEHDPSSIYL,I,
RMIEVEQKL,I,
NEHEEITNL,I,
HEVIGSSLL,I,
HLSDTTVRL,I,
VEAVAHIL,I,
RIIDKNGIHDL,I,
AEDFYSRLL,I,
YLDIDKGHV,I,
YAIDNPLHY,I,
KAFKGSIFV,I,
NEFHSPIGL,I,
REDNTLIMT,I,
HEAEGHIV,I,
REVTPQYQL,I,
TLSEGPHHV,I,
REVMPAQSM,I,
AEVEHLTEVL,I,
TEFSIPHKI,I,
RVVDLITNL,I,
QAALPGHPL,I,
REDGSAKQEL,I,
SLDVSAPKV,I,
PESPEFVRV,I,
KEKSPKEEKL,I,
GMSHPPPAA,I,
REPLTAQQL,I,
TAVNNPKSL,I,
GEFPCQNDI,I,
GEGPAPNL,I,
KENSELEQQL,I,
KLFDTQHRV,I,
ALDCSEVTV,I,
RESSKPRAVL,I,
YQIPRTFTL,I,
GEPGNGPDQQL,I,
REVYPVGIF,I,
REVVDPSGGRATL,I,
HEDTTTDKL,I,
GEVVTSFGL,I,
AEAKPITEM,I,
KLSEIVREF,I,
LVGPGVEL,I,
RELDLYDNQI,I,
GVLPQLSMV,I,
RELDPSLVSA,I,
FLSQTGHGV,I,
KETGDPGGQL,I,
GEFDNAGGMM,I,
AELEENQEL,I,
SEHSTEGSVSL,I,
AAIENLNEA,I,
REDSLDSVL,I,
SIFKSLHQV,I,
IEVQDTSGGTTAL,I,
ALLDKLYAL,I,
KLWPEASKV,I,
AMASIINRL,I,
HESETTTSL,I,
REMENIIATV,I,
AAFRSGRESAL,I,
QSEAGSHTL,I,
HEIDGKALF,I,
RLMNDMTAVAL,I,
SEVAHVDQL,I,
IEEFTKNNSL,I,
GLPSRIASV,I,
SESTAESHL,I,
REAEEKLTL,I,
RLQLKPRTV,I,
RELTKEGRSL,I,
HEEGGQLTKKL,I,
ATADYICKV,I,
GETKAKVLL,I,
ILDEYGHNL,I,
KETLPGARI,I,
KLKPGDLVGV,I,
TLQNTMINL,I,
MEYIPEGEIL,I,
SEPRISESL,I,
LLLPAVPVGA,I,
RLGDGLGHVEL,I,
AEYIQKNVQL,I,
ILAPVVKEI,I,
VLKVFLENV,I,
FLEENSFSV,I,
GEDSLKKMQL,I,
QEALPEKSL,I,
QLAPAVPGL,I,
IQPDNIVYV,I,
AEYSTKNNAL,I,
KLGLKPLEV,I,
KEFEGATL,I,
KAYGELPEHA,I,
ALFPELPKSA,I,
AIIPRVPSL,I,
HENDQNPVL,I,
AEISSDIDQL,I,
YMEDIQSNV,I,
IESKAAYVL,I,
GALPYFSEM,I,
ELAKELPQV,I,
EEETNVIVL,I,
TEMQNMIEL,I,
KEAADTERL,I,
KEFEKASKIL,I,
YAFPKSITV,I,
FLAEEGFYKF,I,
SEALPEKEGEEL,I,
HEDRIISEL,I,
KEIDKNDHLYI,I,
GEMKELPEQL,I,
GESLIRTAF,I,
AEAKPELSLL,I,
SLADGTIVTA,I,
RLGPVPSGL,I,
GEEENQKRYYL,I,
HEAAFPIAV,I,
AMAAVPAKV,I,
REAQQQQHL,I,
KQSEENNNL,I,
ILGGPGTVQGV,I,
GLNENDYKF,I,
GEISDIHTKLL,I,
HETIETINQL,I,
KEAGYPNYL,I,
VEIAEKNVL,I,
REITGIQDPSF,I,
REEEGKKQEL,I,
RFFDGELTKV,I,
REAQNDLEQVL,I,
GEATTTTTTTL,I,
RLIEFAYTA,I,
KAFDKHMNL,I,
FLGDPPPGL,I,
AAVGALTGV,I,
REEAIAVTM,I,
VEDDYIANL,I,
GMYGKIAVM,I,
GEPHIPSLL,I,
FTTQGQSEL,I,
GEPDSWSSL,I,
ALNGAIMKI,I,
KEKEAENERL,I,
AMAGTLLGA,I,
VILDPVHSV,I,
SLVAVELEKV,I,
IEKFDKSKL,I,
LLSSHVRGV,I,
NLMEKVRGL,I,
VELEPSHSQTL,I,
EEIRILEHL,I,
KEMGRSIHEI,I,
RENIATHHL,I,
KIIDFIYTA,I,
KETIEIIDL,I,
YTNPGSSL,I,
KLKEGAENL,I,
IEEDGKLYL,I,
VEALTKEEL,I,
REKLTPEQL,I,
RLTHYIEEA,I,
SESPSVKSL,I,
AESEKSQKL,I,
RLADVEQEL,I,
KEVSESMEL,I,
GAAATHLEV,I,
GEINGVTGL,I,
HEDSGSVHL,I,
FTGSGKTL,I,
ALDPDHPRV,I,
LEFDEKAVL,I,
AINGKVFDV,I,
GLLTEIRAV,I,
AMFENFVSV,I,
KEASVKFHVL,I,
RESDLSSKTQL,I,
RLAGASPATV,I,
REHKDKGLVM,I,
REDGYLSGL,I,
ALLLDQPAV,I,
HMFGQNLEV,I,
QMFEGVARV,I,
GLIQGVKGL,I,
AELVPSEVL,I,
AEAPANSL,I,
IAQVPRPGTSL,I,
KEYVGKTSL,I,
SEASPEVL,I,
TENDIRVMF,I,
SEFKYNKPAFL,I,
KEMEGPPGLRL,I,
KAYYKSSHL,I,
AAADFTAKV,I,
KEGLILPETL,I,
RLMAESTGL,I,
SEHGAQHHIY,I,
GEVRDKSYLL,I,
PEARIFEETL,I,
TSIGHMTDL,I,
REENAEQQAL,I,
AEVAAEKSF,I,
REEGNPVASL,I,
REALEQGPRGL,I,
IASFDKAKL,I,
REMEEKVTLL,I,
RAMGLMKQL,I,
GLWRTTPEAHA,I,
ASVTSRTSM,I,
HEETWAESL,I,
GESDDSILRLA,I,
REHLKEEKL,I,
HLYDYTVKL,I,
HESEGGRTPL,I,
SVDAHTAEV,I,
SLYQSPHLL,I,
GLSDHIQEEL,I,
TLQDFRVVV,I,
KGATPGKAL,I,
SALEKSLAV,I,
KEIEELKELL,I,
GLAEPDMLRKA,I,
RLGEAEGLMKV,I,
SEYPASGAL,I,
TLWVDPYEV,I,
WLIEDGKVV,I,
KMLDHPHII,I,
SELPIVTPAL,I,
SEEITNIEL,I,
SEAYIGADI,I,
KEESPENLFL,I,
ILEGNDIEL,I,
GEVEIPSSKATVL,I,
RLLDMGFEA,I,
VSHAPGEAL,I,
KESEVVMKF,I,
REFEEEKVK,I,
SEFTNSNNHL,I,
AMPPAPVPA,I,
RELGGQVDL,I,
GLLENIPRV,I,
KEFSEENIL,I,
RLGPTGKEV,I,
TEDVPRKL,I,
VLQEKLRKL,I,
IEEPKRVLL,I,
YIVPCLHEV,I,
AEPAPVQSL,I,
YVLKAGQTV,I,
SEMFASEL,I,
AEQATKSVL,I,
KESETFVQF,I,
AEFVDIDGKSHL,I,
TETVVTEYL,I,
SLADYITAA,I,
GEVKQPNLL,I,
ALLDQTKTL,I,
AEMVVPRSSNVL,I,
HQPHQPLPPT,I,
YLDNGVVFV,I,
FLPDGGKEV,I,
VQYGNVPAV,I,
LEAFGDVKL,I,
SMMGDRSATL,I,
ALGEKQPEL,I,
RLLHEMILV,I,
GLPPRSLGV,I,
KMLELTNRL,I,
SVALVIHNV,I,
AELAVQNEV,I,
KEDNHAPHL,I,
YLSNADERL,I,
GEKVSAYVL,I,
TEENSLSHL,I,
REIQVQHPAA,I,
SAMPTSSSF,I,
ALSGGVTAV,I,
RLLEENDQL,I,
REHGPESGKAL,I,
VIIEKTYSL,I,
FEIGEGENL,I,
AEELNASTL,I,
RVYNGRLKV,I,
GEELLHSVL,I,
YLGEIVRNI,I,
IAVPEARFL,I,
REAGLYREAL,I,
FITDPVVL,I,
AEYPGSSAQL,I,
LLPSVRQEV,I,
REAEGQLQKL,I,
KELAAGTESQAL,I,
SMPDIDLNL,I,
VLHEHIQRL,I,
FASQSRGYFL,I,
GELDSAHSL,I,
RLIGDAAKNQV,I,
ALREENEQL,I,
IENDVATIL,I,
LLYQGPHNTL,I,
AMNDILAQV,I,
AEEDMPQRVVL,I,
TEYHPLGSL,I,
AAGPSAAL,I,
GELMLPSQGL,I,
KESQIKGEV,I,
VLDLSHNQL,I,
SLEEKQRTL,I,
LLLDVPTAAV,I,
GEADAQNITVL,I,
KEVNEGIQAL,I,
RLYHITDQV,I,
QEASPDRTTL,I,
GEMTALREEL,I,
KLQEQLAQL,I,
IAVEPGNQW,I,
KEARVVGSEL,I,
AELREKETEL,I,
QEIDGKSLLL,I,
ATYVFLHTV,I,
SSFLGKEL,I,
SLFKHDPAA,I,
EEDMSHFSL,I,
YEYKDGSRKL,I,
ALGTDAEGQKV,I,
REVYAHAVL,I,
YGIQPGSTV,I,
AETIAHIL,I,
SLPEGVPRV,I,
RLSQLEGVNV,I,
AEYEARSRL,I,
AQIGSYVHV,I,
SVYDGKLLI,I,
EEVDVPIKL,I,
SAGPAIKL,I,
GEGPSTSVL,I,
AAFAGGTSL,I,
KALQFLEEV,I,
RLAAISHGL,I,
TEFVAEKL,I,
TEVANGIESL,I,
SAFDNFKEV,I,
GEAALGIAHL,I,
SIYQDPVSL,I,
IAIDGGKVL,I,
NEFNPMGDTL,I,
LSDPNMREF,I,
LEKAENQVL,I,
HENATPVKL,I,
GEGPDVHMTL,I,
SLFSAVHKI,I,
AELKGHTSRVL,I,
SLYGQFRVV,I,
AEHSLPHYL,I,
TLDPAVRTV,I,
TEHINIHQL,I,
REEAVQQMADAL,I,
GAHQGVAVL,I,
ALLQQVHSA,I,
IVDPETNKEM,I,
GETVAGHVL,I,
REIGLLSEEV,I,
KMVGTTSVV,I,
VEVAEESGRL,I,
TLVDSRTSV,I,
SLAEDNLKL,I,
AEELGRGIAL,I,
IEDDHVQVL,I,
KLHDFGYRGV,I,
REVERKNEEL,I,
KAFGSGSNL,I,
ILDSHAATL,I,
MIAGKVAVV,I,
YVDPRGSPAL,I,
KLDIPKQSI,I,
FSEEKRRQL,I,
LAASQGHSL,I,
GEKKTLIVL,I,
HEHASAPLL,I,
ILDEAIYKV,I,
REENIRKQL,I,
GLSYGVIRV,I,
ALAEKLDRL,I,
TENWSKETL,I,
SEALPELL,I,
QEIKDIYGL,I,
NLAEELEGV,I,
ILDHEVPSL,I,
YQTEIGQTL,I,
NLFPGLKEA,I,
GEELKGHNTL,I,
KEIQELEQLL,I,
GEAPVPVL,I,
EAGSRMDKL,I,
REIYELEKL,I,
HEDLLNITL,I,
GESLVREPL,I,
RLLEPAQVQQL,I,
RETKPIPNLI,I,
VLLGESAVGKSSL,I,
AEHEAKMSSL,I,
IEIGDGAEL,I,
QASKPGATL,I,
TLNSAAVTV,I,
HELDLRENNL,I,
ALTRALALA,I,
KEVFLDRKL,I,
LLNPSLQKV,I,
KVIEINPYL,I,
QELEAENRL,I,
AEFPEKEAQL,I,
RETLPPFPTRL,I,
KLMQQQQEV,I,
RILRKVEKI,I,
GEEGGGGLTGL,I,
SETPTFAKV,I,
FEERGEEYL,I,
REITEKEVKL,I,
EEEPFHTIM,I,
YVAQAGLEL,I,
EEFSRAAEKL,I,
ILDVEPQAL,I,
NEFEGGMML,I,
EVGTDHKL,I,
SLDKFLASV,I,
RVQDKIFRA,I,
SIIDDRVIL,I,
SEATPSPVL,I,
SILKKVLEA,I,
GLGPALLGV,I,
SLLSGRISTL,I,
KTMEDTLMTV,I,
YLNKHIQKV,I,
KELDPRGVHGSSL,I,
FAYVEGESL,I,
RLLQQNTQL,I,
IDDKGTIKL,I,
AAFDGHAREL,I,
AEIERETSV,I,
ALQKRLDEV,I,
KAGPGSLEL,I,
SEDVHVHSL,I,
AVDGNTVEL,I,
SLHERNQKL,I,
GEESPSPEL,I,
GLTDVIRDV,I,
KEFVSPSL,I,
SETKSHLL,I,
GEGGKSPEL,I,
KEFEVIAQI,I,
AEMKSTENL,I,
GESILKVNL,I,
KESQFLKEEL,I,
SLHNGVIQL,I,
AQDLEMYGV,I,
ILSEIKEAV,I,
KEEQLQQIL,I,
TEFDARKLHKL,I,
TEEEINKAL,I,
KEEPSAVKF,I,
VANPNSAIF,I,
TILPKTGTV,I,
GENNIVQEL,I,
HLYTPEHHL,I,
KEESVESSL,I,
TEFSNHINL,I,
HLADGPFAV,I,
VLIKEGGVQL,I,
GEDSSVIHY,I,
KLADKLYNL,I,
ALLPQASNV,I,
FSDPESQTL,I,
AASEAGRAM,I,
AAIHISETL,I,
SLVDGRIIDT,I,
RERATFEKL,I,
AVQEKVFEL,I,
KEIETRHPGL,I,
RLMKELRDI,I,
TATQAGHAL,I,
ALMQIQQGL,I,
HEAAALNAV,I,
REQPPTAAL,I,
LLLPESAAA,I,
SLQDIDSRL,I,
TLLNVIKSV,I,
REAEESSKI,I,
MEETQNVQL,I,
AENQDSLRSL,I,
REIRHPNII,I,
AETVTKGGI,I,
AEAETLPSL,I,
KEFADSLGIP,I,
VVKEGRTL,I,
ALMYESEKV,I,
GLPEITPKL,I,
QMISRIEYI,I,
GLGPTVPEL,I,
AEIAPFVEI,I,
KEQNYSDDVL,I,
STFGYVHGV,I,
KEIYNEKEL,I,
RLADMHSTEI,I,
FVIRNIVEA,I,
QMSDLPVKV,I,
FEEHSTQQL,I,
MLAQDSHLL,I,
KETVQHSDVL,I,
AEAASPPAL,I,
SMLPVPPAV,I,
AEDQPINL,I,
FADGHVLEL,I,
KEMEVSPSAEQL,I,
REASLELIKL,I,
SEARFIARSL,I,
REFKGAVREI,I,
GEYSSLEHESV,I,
AAMPASTSA,I,
LENNPALEKL,I,
SLGDIPVSRV,I,
ALPARLTQV,I,
YMADRLLGV,I,
YLADPMKARV,I,
KLPTPTSSV,I,
NLDAAVYQV,I,
AELLTQQHGL,I,
RETELKVHL,I,
KLPTEVNHV,I,
KLMDKVVRL,I,
GQGPSHLSV,I,
YLSDSLRNL,I,
KLYDRILRV,I,
RENPIIKNL,I,
REKVIKGAEIL,I,
SEWNTVERL,I,
YEVAPPEYHR,I,
KEILKEREL,I,
VETVEQELL,I,
RMWEDPMGA,I,
KEAENPREVL,I,
VEEDGQLKSL,I,
GEVGMGPSSL,I,
SEGPVVMEL,I,
TEHYSPLSL,I,
KEHQEFLTKL,I,
AEIRHVLVTL,I,
REVSSLKNKL,I,
RLPEDTTSV,I,
FMTTNVPNV,I,
RELAPAVSVL,I,
NEFPNPAAHAL,I,
ALFMYKPKKV,I,
AELEERQNL,I,
VLHEGTNFV,I,
SMANPPAAV,I,
KEDGTFYEF,I,
GENEVNNEL,I,
IEDRETIIM,I,
SEQYPTMEL,I,
VIQENEHAL,I,
GVLPFVRGV,I,
SESQKIPGMTL,I,
AAAQVGTSV,I,
NAGPAIVI,I,
KEGYSGVGL,I,
KLSENAGIQSL,I,
TLDDRTVLV,I,
SEFDFKPQQL,I,
NEDGSLAEL,I,
ALSPHNILL,I,
REEQSFYQL,I,
READVEPMV,I,
ALNENINQV,I,
AEALKKLIL,I,
MEKVLAGETL,I,
ASSPAGEPL,I,
SVNTGPKGV,I,
HMIGSLAEI,I,
SEDLPSLEL,I,
GLTGYIKGI,I,
SEVQAEGPTAL,I,
KEEREIRQQL,I,
KELSVQDQPSL,I,
KILDKSQAL,I,
HEKFSEVL,I,
KLLDTMVDT,I,
YMDTLPPTV,I,
RLYHEADKTYM,I,
KEFKAYVSL,I,
HESNFIAQL,I,
RESLGHTRL,I,
AELDPVEYTL,I,
LEAEERATL,I,
RAFGGKDIKV,I,
ALVSQELQRA,I,
SLYGGDSKFL,I,
FIMEGGAMV,I,
REAQVSAQHL,I,
MESDFEQKL,I,
VLPQIVTGV,I,
KMPDVELFV,I,
KEWPGYGSTL,I,
HGIPGLQGV,I,
TAQEGARKL,I,
YLLQEPPRTV,I,
AEVHESYKHL,I,
KIDDVLHTL,I,
SETAVDPTL,I,
IEDDLVSAL,I,
KLDPTQTSF,I,
ILDDTAKNLRV,I,
SEPPVYANL,I,
ILLPIVQKA,I,
EGIRETSQVI,I,
RESALKETLL,I,
QEIADAHGL,I,
AVVEPYNSI,I,
GEFGEIEAI,I,
QMMPEVRGA,I,
AEDGNPDRVL,I,
AATGGSVL,I,
KLNPQDHRL,I,
KETASAMATL,I,
VLQEKVPEI,I,
RLMKINHDL,I,
SIDDDRDSL,I,
YEDVNPVLL,I,
KIIERLDHL,I,
KEAELKDLLL,I,
KQFTSDIAL,I,
KEIDKNDHLYIL,I,
GEEDGLHVGL,I,
GLAQDPKSLQL,I,
FEEHNSMNEL,I,
KILEEAHEL,I,
VEDLGSKIL,I,
GEEQNRVQL,I,
SILERSENV,I,
SLFPGQVVI,I,
RETQESLSL,I,
VAYVSSVAL,I,
NEVELLGEHL,I,
EIDDRKQL,I,
QESAAKLHAL,I,
HAFGGLGSHAL,I,
EEVKVGNKL,I,
FSDIQTGRVL,I,
QEVQPEEVL,I,
KMSEIHTVL,I,
GEEEVNTEKL,I,
AESTSSRML,I,
TEHPSPSPLL,I,
REFQEPSYIL,I,
ILMDERTFL,I,
REFIERQH,I,
KIAGSSPRL,I,
YQNDKITQL,I,
SESLPVETL,I,
VEESDKRSFL,I,
SDEGKLHVL,I,
KLQEKIQEL,I,
REIQDEELKKF,I,
KILPNSPAL,I,
SELREYTEGL,I,
VMPPSTQAV,I,
RELFVHGL,I,
KLFDKIAST,I,
SEDHTLVVV,I,
KEIYPGQFQPSL,I,
REGDMPIHELL,I,
REDDVGTGAGL,I,
RLDNRPRVA,I,
SEGQFQQVL,I,
MEAPAELL,I,
AEEILRQEL,I,
KLTGILQEV,I,
QITQINHGL,I,
SLASLPLRV,I,
AEGTSPFIKL,I,
NGFPVFATV,I,
KEESTLQEL,I,
AEPADFESL,I,
GESGNIKAGL,I,
GEPELDLTSKL,I,
GEIEGTYRVL,I,
ILHENFTTV,I,
SEQESGNGRDVL,I,
GEINTSAKL,I,
RLSNRVVRV,I,
TLVGHTEAV,I,
TEFYEQESI,I,
KLDFQPDTV,I,
LEQEEQQRL,I,
VMFKEPVEV,I,
RESEAFHLI,I,
LYDQPRHV,I,
IEDPGQAYVL,I,
ALLDVTPNAV,I,
AEKASVETL,I,
KEGDIVTLI,I,
HEIDGKALLL,I,
RLAEETEKL,I,
KELFEENRKL,I,
SLFRHPKQV,I,
REEVESYQL,I,
VEIGPRFVL,I,
REQEAIRL,I,
RIAGIRGIQGV,I,
TEFGQKEKL,I,
GELGNGNIK,I,
REDSIRTLL,I,
ASSPISHFL,I,
KEERSPQTL,I,
HEKQPDVIL,I,
GEHLKSDLL,I,
SELPENTSL,I,
ALLDVFREA,I,
KLIGQVHEV,I,
KEFETSSEL,I,
GEIYTGTSV,I,
KEQFNEAQL,I,
SEREHTEAL,I,
VLDDNKLLTL,I,
FAAKGEGQL,I,
ALLSAVTRL,I,
KLSDLQTQL,I,
KEVDACVTDL,I,
VIWGKVTRA,I,
KEIDYQRELL,I,
KLDQVSSEI,I,
RELDGRTL,I,
KELASKSGL,I,
EELNRVTEL,I,
VLQKHLRKL,I,
MEVAGVTAL,I,
AVMEQIPEI,I,
AEVLEAHTI,I,
LVISDGSSL,I,
TESSSDKLSL,I,
KEPAFEDITL,I,
YEEEQFTVL,I,
FIHQHFVEV,I,
TLMAEMHVV,I,
RLLPSALGV,I,
SLFGNIKGA,I,
REQHESIVM,I,
VENKTAQIL,I,
AENQPIRDVL,I,
RETIIMNQI,I,
GEEFRMEKL,I,
NEVLHQELL,I,
ALRDQIPEL,I,
KLLGKVTIA,I,
VEDDRTLQSL,I,
SEFRAGVSV,I,
GESMPIPTI,I,
SEVLSEEKSRL,I,
IEQEQKLAL,I,
REGMPPSSL,I,
NADSATRLL,I,
SEESVKSTTL,I,
HEQPASGL,I,
SSFYGNNSL,I,
REEQNLSDLL,I,
KDAQVPIIL,I,
KEFDGKSLL,I,
WEEGSPTPVL,I,
GEPVTQPGSLL,I,
SEWVQSEKL,I,
RGLDKVITV,I,
IEVENKNNL,I,
GEIDKVQYI,I,
SEGILAGEL,I,
TEDPNQLTV,I,
HEVDTQYSAL,I,
YESARIGGAL,I,
LLDRIVSV,I,
HLYSSIEHL,I,
LAQEEQRQL,I,
FTDKDANVRL,I,
VEERNTISLL,I,
VEAHDAEVL,I,
LAIVPVNTL,I,
FSHEVGSEL,I,
RLAAGSAIVKL,I,
RESQEQGL,I,
KLLSSEDIEGMRL,I,
GLDEEGKGA,I,
GLLKKGYGL,I,
YLDPRNEQI,I,
VLGEFGVRNV,I,
KLTDYQVTL,I,
ALLGRVYDV,I,
EESSKPVRL,I,
QIDGTLSTI,I,
YQSKYEEL,I,
KLKQFEERL,I,
TEALERTFL,I,
RLLGEQIIL,I,
REGHTSVHTL,I,
AAVSAGHGL,I,
YQKIGKAL,I,
GEMGAGDGL,I,
ILSGKEFGV,I,
AIFQQPPVGV,I,
IIINPSSSL,I,
FIINGIEKV,I,
LEREDTSSL,I,
TEMERAEVL,I,
SEREMRNTL,I,
GEGGGTGPL,I,
RELPSTFGQL,I,
RSGGGFSSGSAG,I,
REISTDGRGGGDYL,I,
FLAVKPDGV,I,
HETSKMRVL,I,
SESAYPNAEL,I,
KESSTPEEF,I,
KIAQFLESV,I,
REFDFFNKI,I,
RVWDAEHPGL,I,
SETAAAML,I,
VQIEEVRQV,I,
SETFDKTIL,I,
VEETSHQAL,I,
VLALAPGLPTARA,I,
LEDVPSGRL,I,
AMFDFSEKL,I,
QEVHPLLTL,I,
IASVPTKQM,I,
YLNQHIEHV,I,
SEEQRAYSL,I,
AELKEKIVL,I,
REVKEEAGLH,I,
REEQKDFVSL,I,
REAESELTVT,I,
SLFRVITEV,I,
ILAPAGSLPKI,I,
KELEKTLAL,I,
QEYIDSQKL,I,
HILDSQTVVLK,I,
KESGPGEEL,I,
AAFGQLHKV,I,
VEETATAKNVL,I,
KETVGFGML,I,
LADLVHHV,I,
EETPVVLQL,I,
GEAKTANQL,I,
KMDIDVPDV,I,
GMQGAGIQGV,I,
TENLTKEHL,I,
VLQESVAKL,I,
REDSGSSDI,I,
TEYLDRAEKL,I,
YAAGGKKL,I,
SEAEIFTTL,I,
SAKPGPAL,I,
AAALIIHHV,I,
ALESFLKQV,I,
KELDKFDNL,I,
SEKNPSEVTL,I,
KEVEQQTGL,I,
IENQEELRL,I,
TAFHSSMAL,I,
NLLQIQRNV,I,
SGIARSASL,I,
ALGSGISKV,I,
NEFGEKWEL,I,
SEDLVSIHL,I,
LSDPVHLTV,I,
VADHIQKV,I,
TEEKNKATL,I,
RELLDNEEL,I,
KEFNIPLEM,I,
KEESQQMVL,I,
ITFSNPKEV,I,
SEKGESSGKNVTL,I,
VLFEGTRAV,I,
EAEHKIDL,I,
RESEFEKL,I,
HEMTSIGL,I,
KLKNVIHKI,I,
KAYASPAKL,I,
AQLLHVHEI,I,
HESLSHEL,I,
NEFREKHNIRL,I,
IESRTVVADVL,I,
KEGKPHLVL,I,
QEHAGGEVEL,I,
REQDQTLLL,I,
KEDSAVFYEL,I,
SENKDIENL,I,
KLFPDAIRL,I,
KEVAEAYEVL,I,
ALITDPDEMRM,I,
VLAGQLRGV,I,
FTDDKARHL,I,
SEDSSVTQI,I,
VEFFDEKLNSL,I,
REFNEEGALSV,I,
REDYPQVQIL,I,
YSLDTRSEL,I,
KELEAEKL,I,
RMDENYNLL,I,
TTETSGRTL,I,
KERITEQPL,I,
GEMKVPDVEI,I,
REFQEDPEML,I,
REEEAMKQI,I,
QLMPLPVKV,I,
REPQTPTNVIIL,I,
RLYDVPANSMRL,I,
GEIVGSQGSRL,I,
ALANHLIKV,I,
LEDVKTAVL,I,
TEVLVTAEKL,I,
VESHIQHSL,I,
GEQGGGKLVL,I,
GEIDTRFSF,I,
HMADGAREV,I,
RESELRTVL,I,
SESGKDFLL,I,
YSYDLSHSL,I,
FEDDPLVL,I,
GLLDNPELRV,I,
KLLSKFYEL,I,
ILMPVNKVV,I,
LEGEESRMS,I,
IEATKNHVL,I,
SESSSRDSL,I,
HEVHPISSGL,I,
SVLEPIKSV,I,
REREEFYRL,I,
FLWKEPATM,I,
REEELSKSL,I,
GEYAGSDKL,I,
FADHVSSSL,I,
LDGRQIRV,I,
KEQESIIQQL,I,
KGVDASNAL,I,
SEVSGTQKV,I,
AEQYSEKL,I,
VMHDSSFSV,I,
YLEDSGHTL,I,
ILPCIKGYDV,I,
REAATQAQQTL,I,
GETGKGTLL,I,
AEVSQEVTRSL,I,
AAGPSFRL,I,
EEFQKAVEL,I,
LLLPPPPCPA,I,
GIQSDPQAL,I,
SEALGVGEVL,I,
SEKPSKTLL,I,
RLVPLVNGV,I,
HEKAVELL,I,
QLLSEITRV,I,
AEDAKWRVRL,I,
RELQEGTYVM,I,
AEFNDSDSGISL,I,
VLAHEIERL,I,
VEDLSGGEL,I,
KEFKPTDISL,I,
HEYNERVRTL,I,
TETVNHHYL,I,
GEYFSPVEL,I,
AEAVVNDVL,I,
KALSIFNEL,I,
YIFDHSATV,I,
RENPSEEAQNL,I,
AESVEEYVL,I,
GESPQARAL,I,
QEEDTFHSL,I,
RAFDSGQNL,I,
HTGPVFTV,I,
RMFDGKFVVA,I,
FLTGRLSSA,I,
LLIEHTRKV,I,
SENNIQTIF,I,
SLDAKEIYL,I,
VLDDKLVFV,I,
GEDWFRPKL,I,
SLIDKRIKL,I,
EEDKQRIEL,I,
LESQVRELL,I,
SETTTRISL,I,
HEAEAGSLLL,I,
SEVITGDLL,I,
REIVEHVIHL,I,
LAAESKTVL,I,
RETTDKYTL,I,
FTNEGRAL,I,
NEEKPPAPPL,I,
REEGYLAYYL,I,
KEMPAVLVF,I,
KLQEQVTDL,I,
GESGGSMHTAL,I,
GEVSWDKSL,I,
LLQEGLTEL,I,
LALGNTKEL,I,
VLYPHEPTAV,I,
TMGPRPAAA,I,
ALVDHLNVGV,I,
RLNEVIRTL,I,
FSHDQYREL,I,
FSKVGREL,I,
FLGQEIRTV,I,
AENSYVETL,I,
RLSDLSEQL,I,
REVFEETGF,I,
KEYSGFAGV,I,
SFYEHIITV,I,
HENGFEEGL,I,
GELPITVSV,I,
SETKGESGL,I,
SSSPHFRHL,I,
GEGAYGEVQL,I,
KIAESIPYL,I,
ALYGRLEVV,I,
REGISSSTTL,I,
KVYENVTGL,I,
AEQKLQQTL,I,
IEIENAQHL,I,
SLAGKIQKL,I,
ALLETVNRL,I,
RLNEDFDHF,I,
KASDPASSL,I,
RLQESLKKV,I,
SEDDPEYMRL,I,
GEESKVARL,I,
YEAGPDAVL,I,
KELDVKSQKENVL,I,
GETVAAENL,I,
REVISHIGKL,I,
KVMGTFSTV,I,
GEELPHPKSML,I,
SLADLYFRA,I,
SEAENGVHL,I,
RLAEEIEKL,I,
FAYPNQKDF,I,
SEISSPIDI,I,
YEIDKTLGI,I,
VMDRFEQQV,I,
RLDSYVRSL,I,
FSFTSPAV,I,
AETPGAEKI,I,
RELPVNTL,I,
YAKDDPLEF,I,
TLEESVQHV,I,
SEVHEHDGHL,I,
AEGDIGKAEVM,I,
HEDNSYIEF,I,
AENSKGEVETL,I,
IMTVPPPSV,I,
IEGDVVSAL,I,
HEENFEITTL,I,
GETGGGGGSAL,I,
SEDVSRVLI,I,
MAFDPTSTL,I,
FEEASNQL,I,
KEVLNKHEL,I,
GEYIYKGKKF,I,
FQYPDTRYL,I,
TIVETPPMV,I,
GEVEQIAMM,I,
SLDSRVREV,I,
HETKGSVAV,I,
EMGHGTHL,I,
SMEDAKVYV,I,
KMAPALRKV,I,
FSFDGPEI,I,
KVLETTVEI,I,
RELEEENTSL,I,
MAYGSAKDL,I,
KLPDLPQNSV,I,
HLDEHVPVV,I,
AEFDPKVKEGNTL,I,
GEQGVGKSTL,I,
GEQRGQEPL,I,
ILLDKVNGL,I,
GETELREYF,I,
AATSRIAEL,I,
SLNGNQVTV,I,
TVLEEIGNRV,I,
GLSEGFHQA,I,
ILDESDHITM,I,
YLGNINPQM,I,
GEHLPVGGF,I,
MESEKDHKL,I,
SLQKENQEL,I,
KLAEAERVGL,I,
KQLDENISL,I,
SLFNGSHYL,I,
VLYTGVVRV,I,
KMAEPFTKA,I,
KIINNTENL,I,
HLYPGAVTI,I,
RELRELEQRV,I,
GEFREIGTVI,I,
REEGSSGSGPSF,I,
GETEESEKL,I,
SEEFVHINRL,I,
ALWDIETGQQTV,I,
REHFQSYDL,I,
AVAPLIKGV,I,
NEINGVSEKL,I,
NMARAVFGV,I,
ILFSEGLIKA,I,
LADHAARQL,I,
AEKIIKEDSL,I,
REEAAEYQL,I,
SSVVSGSEM,I,
TEVQPQQNSQL,I,
GEITGHNKV,I,
TLDAAISKV,I,
RSAEPSQSF,I,
TEVAYKMEL,I,
YLDFTNPKV,I,
SSVGKVSVL,I,
KLLGELHTL,I,
VELPSSVKL,I,
REAPLGVAI,I,
REKRDNYLL,I,
ALAGAPYQA,I,
NESALKTTL,I,
KLSEYEMSI,I,
GEEKEAATL,I,
RLLDIAKKENV,I,
REDGERRQDIVL,I,
SEHPGSKQEFL,I,
YEDLRKQRL,I,
LVPEFVHNV,I,
VAVPKASAT,I,
RLPDGMAVV,I,
RENYDRGYSSLL,I,
EFEKIQKL,I,
SEMRYGIEI,I,
RLTKEVTAA,I,
AAAPRSPAV,I,
YEERSSVTI,I,
RELQEAPLSL,I,
NEALPVTL,I,
AIVKPGVPM,I,
YTPPPPPTA,I,
VLVSDGVHSV,I,
AELEKDAQNRL,I,
LESGGGSIL,I,
YEEGINIHL,I,
RESPIPIEI,I,
SLAPIIVHV,I,
YEPKTFKSL,I,
VLGEDNAPL,I,
FVAPPGNISL,I,
SEASLHPVL,I,
TEQEFRIQL,I,
FSVNGKVL,I,
VTDEPPPGL,I,
VLESSIRSV,I,
RESSGKYTF,I,
AEMEEPPLL,I,
GEDKTSAQVSL,I,
KLLDSVQPIA,I,
GLKELSEYV,I,
REAPESAQCL,I,
AMAENILAA,I,
AEDASTLIV,I,
GMYIFLHTV,I,
TATSDPKQL,I,
LLADLTRTL,I,
KIYEKTFTL,I,
SEKDTKEEIL,I,
YEGKSGHIL,I,
AEQSCDQKL,I,
REIVSRKGL,I,
SEHERAAIL,I,
SEAAFIENL,I,
KEHSAELERL,I,
MQGPIPERI,I,
SLMDHTIPEV,I,
REVDALDGL,I,
TEDKISLLL,I,
VVNDRSWKV,I,
GVAEAISYV,I,
FLPASLRSV,I,
TEVLESFKL,I,
LMDFIHQV,I,
KAVPQSLEL,I,
GLGPNLVGV,I,
GLSPEINTL,I,
GEVEGETLL,I,
KQADVNLVNA,I,
SETVVTGSL,I,
ALDEAQGVGL,I,
AEDKPRAQL,I,
REKEPNRLESL,I,
QEHINIHKL,I,
VSYGEGKAL,I,
SEAPAKNGAGSL,I,
SEAAIRSVEL,I,
AEVGGMGAL,I,
KEEDGSLSL,I,
SEVDGNRMTL,I,
GEVGVNSDM,I,
RLYGKIITA,I,
ESDTEAELAL,I,
VIFTKFDEV,I,
LEDPSPEL,I,
KEYESKSLEEL,I,
KISEVVELL,I,
SEDAQMHAL,I,
REENDIARGKL,I,
AEFKKIFGL,I,
NLFEDQNTL,I,
AIATELAQA,I,
AMDTSTVGV,I,
KEIEEYELL,I,
AESIISPSL,I,
QLSEKFFKA,I,
LLWEAGSEA,I,
AEQKRDIQL,I,
KELEQFAKL,I,
RAVGKSLAM,I,
LEEPRAIVL,I,
ALASVPVAL,I,
NETDTPAQL,I,
SVDETTQAM,I,
REAEPKLLP,I,
GEANEEFAL,I,
RELEQEVQRL,I,
GEANVLEKL,I,
KVSESVIDV,I,
QESGNGRDVL,I,
AEINDLENL,I,
NSAHPGSSF,I,
REKLQQKEL,I,
LANGHTLDL,I,
SSFEGRSV,I,
LLNSEVHML,I,
KTMETAEKL,I,
MESIIRSEL,I,
KENYQMLTL,I,
IQDNHDGTYTV,I,
GEDESSAHAL,I,
YSTTPGGTL,I,
FLAGEGMTV,I,
REKTPTYHL,I,
FTSVSRPG,I,
GELKSSTPAQL,I,
KVLETLVTV,I,
ILDAGGHNVTI,I,
REVVDPSGGRATLL,I,
AEDELRDAVLL,I,
KEFFTKSKL,I,
AEFKRAVKV,I,
YADERRKQL,I,
KEDTEEYNL,I,
REVEEENRAL,I,
GQFGVGFYSA,I,
VAAPPAVVL,I,
GEALPHVVP,I,
KLFADAVQEL,I,
SLPAGPPGV,I,
RENTEGEYSSL,I,
KEYITKFSL,I,
SEQKARETL,I,
IAQGIGTEL,I,
EEDQKPVRL,I,
GEFQELMKL,I,
VANPSHLEA,I,
QEETGVRVEL,I,
RGPPPPPTA,I,
NEGEPLVAL,I,
QMDIIVSEV,I,
REIMGTPEYL,I,
LPSVKEDKM,I,
SMLDFENQTL,I,
AISGIIMGI,I,
GEEGMAEKL,I,
AETTTAHATL,I,
REQGEAERQQL,I,
ALVEGVQRL,I,
REGETMILTL,I,
FSDFEARQL,I,
AETKDSGSFLL,I,
FAIGSDGL,I,
SAIDRIFTL,I,
SEDPEPLLL,I,
GLFAGLGGAGA,I,
KEAGDEQSL,I,
TEVGEKGVTL,I,
AVAPGPWKV,I,
RERIIPRSVL,I,
SEAGSISEL,I,
KEYADYESL,I,
NESGVRELL,I,
TIMDLQTQL,I,
ALASGGVLDA,I,
TEDHVLPEL,I,
KEQSDLTTL,I,
LEEIYAPKL,I,
GETTGHRTL,I,
NLQEKVPEL,I,
IAIDNGRAA,I,
VEEKANTHL,I,
RIPEKVFQA,I,
KEYLTKVDKL,I,
KEGQGSQTL,I,
HEAEAGSLL,I,
TTEPENRSL,I,
VEHVVNAIL,I,
AEGGPFKDGETL,I,
ALDPRAPASTL,I,
LESEVAQHL,I,
AEEKSIPTL,I,
YEEKGGEYL,I,
AEIRDQMQQQL,I,
GELPQANRDTL,I,
HAIMRSPQM,I,
AELDPEFNKL,I,
FTEAGLKEL,I,
SEDPGSLLSL,I,
AEVNTETL,I,
GLGRAPVLV,I,
LEYDPAKRITL,I,
KLWVPDEEV,I,
SLMEPPAVL,I,
QEVISRAEL,I,
SEALQTIQL,I,
REFEDVVNI,I,
YETTDTTTRL,I,
AEALAGTGL,I,
LEENSTPQL,I,
REPSPGSHSAL,I,
SEAAMLQEL,I,
IADSGLKIL,I,
GEPAPETSL,I,
LEEKIKQHL,I,
FLAEHPNVTL,I,
SAVTPDIPL,I,
FLDATLTSV,I,
TEAHPIDPAAL,I,
TEFDAAQVL,I,
TEHGEFLAL,I,
AEERRKYTL,I,
AASGAAMSL,I,
REFPIPEQF,I,
RESETFVGDYTL,I,
KTASINQNV,I,
KESVSHVQL,I,
REFEDQKLTM,I,
QEHQGGENHL,I,
SLSETNKGL,I,
KEGLDLQVL,I,
RIQKELAEI,I,
HAIGSSTEV,I,
FGHSSTSAL,I,
GEAAANTQQTL,I,
GEDPSFADL,I,
RMLPHAPGVQM,I,
KEIEEIPAYL,I,
YANDVTRVL,I,
LEALVMPTL,I,
KLDEILKEI,I,
KEDVGTVV,I,
AISDFYYTV,I,
FGHSLGGPL,I,
AALEEADKMFL,I,
VEHFSQEEL,I,
RLAAGSAIMKL,I,
HEIDGKALFL,I,
GEFQFPPKSL,I,
NEFPVIVRL,I,
GENRDAQML,I,
GEALSTLVL,I,
SLFDAKERTV,I,
SVAEGRALMSV,I,
REDKAYQL,I,
GEAQRLIEI,I,
HEDKSPETVL,I,
RELKEEVTRL,I,
KLFPGSPAI,I,
SLATHLQEL,I,
REPLNTIGL,I,
KLQEELNKV,I,
KLYQRDLEV,I,
SEGHFASETI,I,
KEFPASAVSVL,I,
SEEGKEARL,I,
SEEAIKKDL,I,
TLMENGITRL,I,
VLSPQELQKV,I,
LAVDKSASL,I,
FENQEKTIL,I,
DGTAAKHL,I,
RLGQFMTLA,I,
RELLEKQGIDM,I,
TEQAEIQEL,I,
MEYQPGGDLL,I,
REASSCAVNL,I,
TEFKADFKL,I,
HEVPGHQSV,I,
GMYGIENEV,I,
REFIAERQKGL,I,
ASIGPLTGV,I,
REKTSDISTL,I,
KLHYVVTEV,I,
FTAESSREV,I,
KEDFPVEL,I,
GEVDVEQH,I,
FLMGSSKDL,I,
ISYEEGKAL,I,
GEDGTAAKHL,I,
GETIVNVL,I,
SSAESGSSL,I,
VVYPGAIAM,I,
KEEGSGSSAL,I,
QLDPQTVGV,I,
TEEAGGRSL,I,
FEEGKKISL,I,
REILRGFKL,I,
AEHSESGQL,I,
ALDNSHPIEV,I,
ALSELATAV,I,
HEIQDGTIHL,I,
NEDGAEATL,I,
FLDDQETRL,I,
TESPESTEL,I,
RLLSEHPEL,I,
SEMTGNTAL,I,
AEAQLAYEL,I,
KELQNAGDRL,I,
GELKDPSRAI,I,
AEVKDMEQL,I,
AEERWEVVL,I,
KEFEGKTLVSV,I,
YSGGGSAL,I,
AMGPAPLI,I,
RITSLIVHV,I,
SLVPVYVKV,I,
SVYSRVIQV,I,
SEVAAQPAGL,I,
SEEENSKVEL,I,
TLAETIQGL,I,
GEANVTGSQL,I,
SEAQLPEFL,I,
AAIKALEL,I,
AELVQKGSEL,I,
SQFPGAITL,I,
SESAMESHSL,I,
TEDNGFHAI,I,
FTSSEPAKV,I,
FLDPSKSSV,I,
HEIGEFPVF,I,
VEFEDGSQL,I,
SVIASGSSV,I,
KELGEKISQL,I,
RQFSTPFQL,I,
ILDKEPIIV,I,
HEIEGTGL,I,
FSVESGTKM,I,
QEVLPETFL,I,
KEQGIPQQL,I,
SLLSHDPRL,I,
AEQVIQDAL,I,
VEVEAEAGRL,I,
VLVEDSNNHHL,I,
YINEKNVAL,I,
AELPEGTSL,I,
AEFGSGTLDL,I,
QLIGDDVKV,I,
GEAAEKNLYL,I,
EIEPPHHEL,I,
AELERELEAL,I,
AEELFTRSL,I,
REVNTASL,I,
REHHEPVMI,I,
EDAEKKVL,I,
KLISDINKA,I,
YGPEGPYGV,I,
KLLELTQKM,I,
VLDASVKEV,I,
SLADHEYTA,I,
ILNESEARV,I,
GESQQEAQRL,I,
REMQESVQV,I,
RLSDTPPLL,I,
HVDSTLLQV,I,
TVLGSLQKV,I,
GMLEKIDMI,I,
ILDIPFHQV,I,
RESPDTQAL,I,
AASPKSFTL,I,
GEHLVAGIHGL,I,
RLFNEHLVSA,I,
IEEEKNYAL,I,
TELELREQL,I,
RESPCHVKL,I,
KMDEASAQL,I,
LLDIHTHEA,I,
AELRGSPSL,I,
AAEEESRVL,I,
GEERATEAGSL,I,
HEEANAARKL,I,
AESSGSLSL,I,
AEINENNVREF,I,
NIANHFFTV,I,
SEMASEQL,I,
LEALVPVTI,I,
REVLSALSQL,I,
SVPESPEFVRV,I,
KVASLLHQV,I,
VLNEYFHNV,I,
KELTGRTLL,I,
GLADLERAQA,I,
HEEDESSFQL,I,
AEANGTFAL,I,
SLVSSLYKV,I,
HEAPPTLI,I,
SEEDKKATL,I,
AEPRNKKPSVL,I,
FVHPKPVSL,I,
KEVLEIVEL,I,
SEHERQYLL,I,
KLLEKLYKV,I,
LAAGASGSL,I,
KEEYVIVNL,I,
KEVDEDFDSKL,I,
KEIEGEEIEI,I,
REFYDPDTVEL,I,
AAADYIPTV,I,
AEGDNRSTNLL,I,
GELVSVAHAL,I,
SQIQEFKEA,I,
RETNIRDMF,I,
KMLGGVFKI,I,
REEGDLGKASEL,I,
LEENGYRSL,I,
AEQQDSGRLYL,I,
RETSLQQKM,I,
RETHKEEIL,I,
SEVAISEEL,I,
GETQKTISL,I,
SLGEFHVRL,I,
REPEGVWNL,I,
GLEEYLEKV,I,
GEQPISADL,I,
SETTKGAYSL,I,
SLDHHIVTPL,I,
ALNENIDRV,I,
AEMGPIKSL,I,
VEDASGKGL,I,
GLWRTTPEA,I,
RTSEPLHNV,I,
GEEGRGNIPGSAVL,I,
KETELELQM,I,
RLQETEGMVAV,I,
AEIDDKLNKI,I,
SIDTQTPSV,I,
RVFSDIIYTV,I,
NEAFIKIKM,I,
SEDDFASAL,I,
GEYQSPINL,I,
AEDDRHYNI,I,
KEHVIEKEEL,I,
STLDGVLEV,I,
SSLEKSYEL,I,
RESIPLNDL,I,
HEVDDSSVVGL,I,
FGGAGGREF,I,
GENEDEKGRL,I,
MLIQENQEL,I,
SEEIEDFRL,I,
QLVPALAKV,I,
AGQSDNRSL,I,
KEAGNTVTL,I,
AAAAVSSAL,I,
GEIVTTIPTI,I,
AESTVIAKV,I,
VAQPHPSAGL,I,
RQIEYEYKL,I,
IIFETPLRV,I,
REGSTQQL,I,
RELPDGPSPLL,I,
SIHETIPLV,I,
LEEGLVPSL,I,
KLDEENPKI,I,
AMAARPHSI,I,
KELEENLNI,I,
SLDPTLPSV,I,
SLNDEVPEV,I,
GEDRGGGTSGSL,I,
GEENAERHAL,I,
VAKGPSHSL,I,
GETGIEETI,I,
SPPAAGFVTL,I,
KMNEKLYTV,I,
REVLPEHVSVL,I,
TELDKEISTL,I,
GEVSNGAVAM,I,
AAAANPIAL,I,
SEIAESHPSSNLL,I,
IVDKTIINA,I,
HLLHEPPAL,I,
GEFTDLKQQL,I,
GEEEKKIFL,I,
SEDEKRLLL,I,
SELDGRKMG,I,
GETIHIPTM,I,
GEPATQMTL,I,
AAIAGQASL,I,
LLHGHIVEL,I,
SLYEDDITF,I,
GEVKGTSGSL,I,
SEELDNRSL,I,
MESKEKDRQVL,I,
REIVRDIKEKL,I,
VEAKFVQDTL,I,
HTSEHFSFL,I,
TAVNPKSTL,I,
GEIDESSEL,I,
EEYEGKETAL,I,
YAVGDVKCL,I,
SEVPTSVFGEKL,I,
VEAQKAQQL,I,
REHDAAAESL,I,
HEDSSHIIAL,I,
EFEDKKVEL,I,
HLGEYQAAV,I,
HLSNILSEV,I,
KVWGNVVTV,I,
KEAGQNFEI,I,
KELTADAREL,I,
KQIKEIKEV,I,
AASGASSAL,I,
TLHEILNEV,I,
LLPPPPLLA,I,
AEGTADTSL,I,
AEVEDVASHVL,I,
HEFKPQSGAEI,I,
FSNDGTTL,I,
YLQKETSTL,I,
KEKEKQEFL,I,
SEIEQETQL,I,
SVYHKPPNA,I,
KEFGFSGL,I,
SESKATSSL,I,
RLAQEGIYTL,I,
RLLGHIKNV,I,
AVGPASIL,I,
KEVISLEKL,I,
RLLQDPVGV,I,
VEDAVKVGL,I,
SIFEGGATEL,I,
QMISRIEYV,I,
SEDNRPLTGL,I,
METDDAGNRL,I,
TEQDLYVRL,I,
FAMEIDPSL,I,
VEPENIIML,I,
FSGANKEKL,I,
READSIAAVAEL,I,
RDIKAEEL,I,
NAAQPYSNL,I,
AESFMHVQL,I,
SLSQHNDFL,I,
AEEEMRASL,I,
MLLSLDFPGQA,I,
FISPFGHGL,I,
TLWGIQKEL,I,
HEDIVAVEL,I,
SAVSQSKEL,I,
KESVPEFPL,I,
VLYPSLKEI,I,
HEVETRAL,I,
RLIDLHTNV,I,
GEQMTPELL,I,
SLVKDVIGA,I,
KLAELARQL,I,
LAVVGSVL,I,
VIYPARISL,I,
GEQASGDKL,I,
FAHTNVESL,I,
RLKDKIPNV,I,
AELIKEVSL,I,
AEDPETQVVL,I,
ALASLIRSV,I,
KLAEQYESF,I,
KLSPKAEEV,I,
GELASDEL,I,
ALEEKPRNV,I,
VAYEEFEKV,I,
KEALENCITL,I,
KIDEHHFVAV,I,
ILSDVQRKV,I,
GEDEDGGWRL,I,
SEEEAGKEL,I,
ALAEKFKEL,I,
RVLDFDPMAV,I,
VLSDLSTKL,I,
KEEKNEPLSL,I,
AEAAKMLGEAL,I,
AEAEAVREV,I,
AEDRLRYAL,I,
FAVDNREDL,I,
AAFGGNPKSV,I,
HLLEKIDHL,I,
SLFGPVDHEEL,I,
GELFGIHNL,I,
GEENEQVVF,I,
FTASDYKVA,I,
REIEANDI,I,
LLDRFLATV,I,
FTVNPRRSV,I,
SEFRVDNNHL,I,
STHEFLHEV,I,
YLMEGSYNKV,I,
GLDKQIKEI,I,
SESSLDVSL,I,
SEENISGMTSF,I,
SESKSMPVL,I,
IEALHGHEL,I,
REQEHTFVF,I,
AVIGSTEEL,I,
TEITTTEII,I,
RLTSLGVIGA,I,
SQYGEIVNI,I,
GEAAKREIL,I,
AEEEIYTNL,I,
KMPRLIAKV,I,
AVATFLQSV,I,
ALLGTIISA,I,
VSYTGEEL,I,
VLFENTDSV,I,
EEIVDGNAKM,I,
YMAELIERL,I,
VLATTVGKV,I,
YLSDIPLHDA,I,
HEVVDEIYF,I,
SELDKLTTL,I,
AEFNSTPAVF,I,
AEMKPLPLHPPG,I,
KISDEGIAYL,I,
ITPQTIHGV,I,
VASEKESVM,I,
RESVQAGEL,I,
RLTELETAV,I,
ILMGVLKEV,I,
KLTETQGEL,I,
KEHPFILNL,I,
RLSYPPHSV,I,
IAHDTGTSL,I,
KESDIITAF,I,
REFEDVVNIL,I,
KEGIVKQDSL,I,
RELMSQQL,I,
FLNNQIKEL,I,
VEYSEDQQAML,I,
AEAEKKVQL,I,
SEHINEGETAML,I,
SEDPVAIKI,I,
YEDGNVQL,I,
NAFMKAVEL,I,
VETEMQQKL,I,
RLFFQPHQA,I,
GLQGRVTTV,I,
ILDGNQLHI,I,
SLGSAFGV,I,
AEFGSGTL,I,
HLDGHAVAV,I,
FLGKIYQI,I,
VVADSPAEV,I,
AAASPQKYL,I,
KEHENNTDVL,I,
ILSGIGVSQV,I,
FLMQYPGRSL,I,
SEEKLQHLL,I,
FSDLTMHEL,I,
AEAGEAVLL,I,
FSSPGGLSL,I,
RVADNSFDA,I,
VVNGRVLEL,I,
GEDAPRRAEL,I,
SEVGSVVSF,I,
REDAVSKEV,I,
TVMGAELRHV,I,
GEVTEGLDVL,I,
GENGAGKSTML,I,
SLSPTGVSRV,I,
KEVDPGTKTA,I,
FGHYQQAEL,I,
RETEKTLTEL,I,
AEAQAAARQEL,I,
KEEEKPVML,I,
YLVSHPNEV,I,
KELPGQTL,I,
SEEKNSAVL,I,
YQDPLDPTRSV,I,
HENETHTL,I,
KEFGDSLSL,I,
KEKPTTAL,I,
SVSQINHKL,I,
KELEVAEGGKAEL,I,
KIGDKNWKI,I,
ALYTEKFEEF,I,
RIMEFTTTL,I,
YENYPTYDL,I,
TEASTGQQL,I,
FGQLGREL,I,
AEDIFRKAL,I,
TEDPAELML,I,
AEKCPNLTYL,I,
VTTGSTPVL,I,
REAFENDML,I,
VEKIGEEFL,I,
ILDEQAVQGL,I,
MEEKTSHIL,I,
SETNFGVKL,I,
RMAGDPVANV,I,
GEVRGSEVL,I,
YAEENFKTF,I,
RELSPDIAHL,I,
GEVPSYNAF,I,
KLDVDAPRL,I,
KLLDDEQPLRL,I,
REIVREQGL,I,
SELKGGGSGTSL,I,
KLNGNLEKI,I,
AEDHINFTI,I,
REFPVISV,I,
QEGQPHVL,I,
KLKEEITQL,I,
HLYEDLFRA,I,
FTVGDDKTV,I,
KEFVAKEGQGNL,I,
ILQSFIHDV,I,
VESRDMFQL,I,
NLLDPPPEV,I,
FATDSGLEF,I,
KIGSIIFQV,I,
AAANTQQTL,I,
VVLPQIHTV,I,
MEQVGLESL,I,
AEQHFADVVL,I,
REEAARTQQL,I,
GEAAAVTSL,I,
MEIADYERL,I,
SLYEHVERM,I,
GIYTGFIKV,I,
RVLDNIKAV,I,
ALATSNARA,I,
FEVEKQALL,I,
KMTQYITEL,I,
AEFQTKTEE,I,
VEEPVSPML,I,
IQHSEFEEV,I,
VMQENITKV,I,
ILEENIPVL,I,
VAAAATTPL,I,
KEANAFEEQL,I,
VIQEHQPSV,I,
HETGSNNPL,I,
SIILPQTEL,I,
ILSESLHSL,I,
AENIPVHLP,I,
AEINATMSV,I,
KLESMETYL,I,
HEIEVIGGYL,I,
SELLVPGSQL,I,
RELLVERL,I,
ILIDSIYKV,I,
GEHLKTDLL,I,
AELAAHEPAI,I,
REGGTHQQL,I,
GEFSHHDL,I,
KAVPSLHSL,I,
KEIRNPDSL,I,
AEDLDGGTL,I,
HSLSGRPL,I,
KENEEFTGQL,I,
SELDEEKKIRL,I,
LSSPHGGAL,I,
HSYTGKEL,I,
VMQPHVPHAI,I,
RELETVRELL,I,
SILRHVAEV,I,
EEERPIRL,I,
CEIKEKTGL,I,
GELSEGQRPQL,I,
FDHPELVKL,I,
AESFIGEHHL,I,
VTLEARAPL,I,
RITNQVIYL,I,
KIAEIEAEM,I,
QEIIIRDGSL,I,
RSHSSPASL,I,
KEGPPAHKL,I,
GAVSPFGML,I,
RIADLSYTV,I,
HAVPANGEM,I,
REMQEKLARL,I,
RETAGDGKSI,I,
LLNKEIMRV,I,
ALDRQTATQLL,I,
SEADMERPL,I,
REMGSATSV,I,
AETASEEL,I,
HVLGTGQSL,I,
MEEGLKVLM,I,
SLNGPPEKV,I,
GAVGSAKSL,I,
SEVGSDHEL,I,
TEDARTILEL,I,
REYDVPYHIRL,I,
KERESALSL,I,
SALKSSRSL,I,
ITADVNHNL,I,
FLADPSAFVAA,I,
YVLSKSRAL,I,
HEGPISGL,I,
SEEQPSGGTTVL,I,
HLYSEVKEV,I,
AENTSEVSTVL,I,
ALLDVTPKAV,I,
RETGGTYHV,I,
LEMGHDITRL,I,
AAMYKSLEL,I,
SEHGHVEIV,I,
RLLGPTVML,I,
KLLDMVGKV,I,
LEDSSGNLL,I,
AEIGDVSIL,I,
AVLDQQIHL,I,
GEVGALDKSVL,I,
GEVRDKSYL,I,
KAFSHGSSL,I,
YLSELSEHV,I,
YLTPMHHQL,I,
AEDTGLRVEL,I,
YLPPGFLSA,I,
RLQEEDQQF,I,
KEEKTGTIL,I,
ALAEAGVGL,I,
REHENASIL,I,
AESSGDMDVLL,I,
AEIDLRQGRL,I,
VLAVLKNEKL,I,
GEEERNITSF,I,
NIAETSLTV,I,
RETEEKLQKL,I,
LAEDKHKEL,I,
ILLGKVQQL,I,
REAAPNEEL,I,
SEDEKQQYL,I,
AATESAAEL,I,
SESLGIPSL,I,
AAAAAASAL,I,
YEIRPGKHL,I,
AENEYQTAI,I,
REQPEKEPEL,I,
VEPQEDTRL,I,
ALQDLEPQQL,I,
ALDPNIATL,I,
KETIDNNSV,I,
FLQEHNTTL,I,
AEAQALRQEL,I,
KMPETFSNL,I,
GEAEGENLRL,I,
GLGSVVPVEY,I,
GEVAGGGTPL,I,
AVIPRLVQL,I,
TLDNNVLTL,I,
YLKDGPYITA,I,
REFKKAEQL,I,
AEAENTIDQL,I,
SEGSSISQL,I,
VLLSEQGDVKL,I,
SLLDQIPEM,I,
SEEGGHVVL,I,
GLIDIENPNRV,I,
KEEEFLTNEL,I,
GEVESGEL,I,
KINEKPQVI,I,
KEVDDALVEM,I,
KLGPALKI,I,
FAEGFVKAL,I,
ALAEKEHKL,I,
FAEPGRVPF,I,
ALGPSVKL,I,
TEIVFTGEKEQL,I,
SLGEEQFSV,I,
KERDLKEIL,I,
GVALTVTGV,I,
ATWSDPHKA,I,
KLFLPDGMEA,I,
AEHPALKAGAGL,I,
YLYESGETEKL,I,
REFSGYVESGL,I,
RLLEQGIRV,I,
KVLDILQHI,I,
RLYPEVPEVL,I,
AEVEEKIEQL,I,
GVIDGHIYAV,I,
KEYDQALADL,I,
SLNSNVYDV,I,
FVNDIFERI,I,
REFETDSRRFL,I,
SLQEEIAKL,I,
KEDPEQLRL,I,
AENPFVVSM,I,
SEIKKEAGEL,I,
VLTEFTREV,I,
VLQYVVPEV,I,
KEQEMQGVEL,I,
SMSDQTVRV,I,
KELEFKGKEIL,I,
FASGGGREL,I,
EETQEQVRL,I,
NLFLEKEGQTV,I,
AELTGRPGAEL,I,
RLPPTPKQV,I,
ALERELYHV,I,
KASPLTFTV,I,
GEGHTQDTEL,I,
SELRNEIQTL,I,
AEASKEAAL,I,
LEAQTRVKL,I,
REHSFNRDL,I,
KVGDVTPQV,I,
GEAITDGPGIL,I,
GELQRVPTL,I,
QELPTPDLHL,I,
VAIKAGTTL,I,
FLTEHNSNV,I,
KLIEESCPQL,I,
MMPAVFHTV,I,
RLQEETGAKI,I,
VIDGHIYAV,I,
LEAPPEVSL,I,
FEADTITL,I,
LAIDSIHQL,I,
SEEMARETL,I,
AEVNGRLAEL,I,
VAVSPSLDL,I,
SMAEVDAAMAA,I,
ILIDPIRVV,I,
REFFSQYGDVM,I,
LLAELPASV,I,
YAIKNIHGV,I,
GLDLGTESV,I,
GLTEKTVLV,I,
LAAQGKEL,I,
GEVPKELVEL,I,
GEKDVSPDL,I,
AEEKAAQAL,I,
LEENVHEVL,I,
ALDGEMRNAV,I,
NLYKAPILL,I,
GEPSASQAAEL,I,
SLDTQPKK,I,
KMAAVTLLA,I,
TVMGKIFAV,I,
LEHLLKEGL,I,
MVAPAVASV,I,
SVYGKLRKV,I,
YSDDDVPSV,I,
KEQDDTAAML,I,
QLLDFERSL,I,
AALAGHQL,I,
NEYFTNEVL,I,
NEFKDEAQSL,I,
FQQPRHQSSV,I,
REFKPDVKS,I,
YAKDYTKAL,I,
KLTEFVSNL,I,
GEDGLLKVL,I,
REAQVWEML,I,
KLANPPPMV,I,
KELELQIGM,I,
SLGQKISTV,I,
GEMKPGRKGI,I,
SEVSGSNSL,I,
TEVGDPAGNEL,I,
SMADSLYNI,I,
GLSETILAV,I,
QEVGDGTNFVL,I,
SEKVDRAVL,I,
AESTNFATL,I,
GEIERLINL,I,
RESPEVLLTL,I,
GELAQVSGL,I,
NLPPDLVNV,I,
LTDPAIVKV,I,
KEALESVEVL,I,
AELAKVINDGL,I,
RESLDDLTNL,I,
FLDITNPKA,I,
AAHTSDRAL,I,
FLFNTENKL,I,
SEFPSELM,I,
AELDPSIAV,I,
RLLDRIHSI,I,
LEINSKPVL,I,
SELILSKEQL,I,
VTIHPSSSL,I,
GEVIVDGDVV,I,
SLIEKIPTA,I,
SVLKSLVEI,I,
KEDSGKIK,I,
TETTKFEKL,I,
KEREEIQTL,I,
RLAALEQNV,I,
GEISGDFL,I,
REIISKGTQEVL,I,
AEETSSPVI,I,
AMADLVPDL,I,
FSIDPARTL,I,
AEVAEHVQYM,I,
RLFPRPVVA,I,
AEFIKRTIL,I,
SMFGSPGGLREA,I,
RELISDLEHRL,I,
VLISGVVHEI,I,
STFEDVTQV,I,
FEAGDRQVTL,I,
GEAPTKRKSL,I,
AAAGLAQSL,I,
AEERPLVFL,I,
QIAELNHEL,I,
TLSPNHAGV,I,
YLPEDFIRV,I,
KEISFDTMQQEL,I,
SLAAVSQQL,I,
SLGRFEITV,I,
GEPVNGRHTL,I,
KIGLETVGV,I,
VAVKAAQEL,I,
KEATDHATAL,I,
AETRETLQEL,I,
GEGSFSTVVL,I,
YLPDSLTQL,I,
WEMNSEEKL,I,
SMGSTTSV,I,
SESSKPIEL,I,
SEDGITKIM,I,
KESLQSVDVL,I,
KEDPTVSALL,I,
KEIHKPGYL,I,
FEDEDRAEL,I,
KEDEGAQQLL,I,
QEQEIEQRL,I,
KEEFTHTTL,I,
KEIQETWTV,I,
GELDRVNFL,I,
LEISNPETL,I,
REAESMATHHL,I,
GEASQKYNVL,I,
QELGGSEKL,I,
RQAQAEDAL,I,
KLIHSNHRL,I,
KLSEENRHL,I,
FIDEHVTRV,I,
SESNSRALL,I,
GLLGQPEATMV,I,
KLGTDPTHV,I,
SIQSHQESL,I,
QVFPGLLERV,I,
AENPFLTHL,I,
LIEDHQKEL,I,
KQIDQFLVV,I,
VLAQDPENQAL,I,
REESSRTEI,I,
GLVAGGIIGA,I,
RILTDPAKV,I,
GEEGTGLGP,I,
VAEDGSRVY,I,
GLNEELTKI,I,
AAASHFFNL,I,
SMLGSPHKV,I,
TLSDGVVVQV,I,
MEEITQQQL,I,
ELGPIYKL,I,
LLAAGPSAA,I,
RETGNINTSL,I,
EEIHNVGTSL,I,
GLAEQAPCI,I,
YESGETEKL,I,
KELEEQHGI,I,
TSSDNFKAL,I,
REAPSQSHL,I,
TESNHDTAL,I,
SETPSKVVI,I,
AEAQFTTAL,I,
LLWAPAAVRA,I,
AETLSNIERL,I,
YLGEQIQKL,I,
LANPHELSL,I,
LLFDRPMHV,I,
VAVFGSKGL,I,
REVCDEVKAHL,I,
VELVVKNPL,I,
RLPPLLSPL,I,
GSESPIVVVL,I,
YLHDQNPDAA,I,
KETEPHHEL,I,
RLQETLSAA,I,
KAFISSSTL,I,
SEIEGANQLL,I,
KVLEEQIGV,I,
SEYEKEITSL,I,
REPYELTVPAL,I,
ALWERIEGV,I,
QEALSHPLAL,I,
KLFSEGLFSA,I,
SLAESLDQA,I,
AVDLTLPKV,I,
RELAEFEKL,I,
KEAPDGCPDHVL,I,
TANGGLAL,I,
HETGRESTL,I,
HAHPRVVEL,I,
AELLNKEIL,I,
KEFQGQEAIL,I,
AESREKLISL,I,
AEAPSMGTL,I,
REALESSHL,I,
REVYTSNNQL,I,
RLQNELDMV,I,
RLFSKEEKL,I,
RVSGQPQSV,I,
KEIYDDLQAL,I,
SEEQRFNNFL,I,
AEEQRIQSL,I,
REDIVVPVYL,I,
KLDVGNIVL,I,
REPKETLREVL,I,
ALADRMLRV,I,
VLSSIETGV,I,
SLLTGGRPAGV,I,
GESSLIKQL,I,
RIADYVPGVKKV,I,
GMYGKIAVMEL,I,
LAQDIFKEL,I,
HEVADVEPVL,I,
AEKPGVNEQL,I,
LLFPESIRV,I,
LDDIKDLKV,I,
REEYGTFSL,I,
SESDLNHSF,I,
SLAADISHA,I,
SEQGAPETL,I,
RMMDASVYL,I,
REDAARAI,I,
KETNDKAEL,I,
REEWKFDTL,I,
YIDKDLEYV,I,
SLAAGLESL,I,
AEELRSSVL,I,
IEEISGLSTL,I,
GELVAEGAKEAL,I,
AAAPPSPAW,I,
YLSKIIPAL,I,
KSIPSFSSL,I,
YLQIHPQEL,I,
FLQPELVKL,I,
GESAGAASV,I,
FEGRITPELL,I,
ALFASGLIHRV,I,
KLAGGLRGA,I,
AETDRHTFL,I,
SEDTDSQRL,I,
SLFPGKLEVV,I,
ALDNDNYNL,I,
KAGPILEL,I,
KEQEHTFVF,I,
FETKESRKEEL,I,
SLMGPVVHEV,I,
GLHDGIQRV,I,
AMFDHIPVGV,I,
SVFGKEVTL,I,
VEIVKQEVL,I,
KEDASHQEAL,I,
SLQDVIDRV,I,
REKYTFEEI,I,
AAIANHQVL,I,
GLDTTSTEL,I,
FSHQGVQL,I,
AEDDQVFLM,I,
KLFGETTLV,I,
VLFNDSTRL,I,
HEALRQIYL,I,
FSSDHLIEM,I,
AMYPHVTQA,I,
LEEGKAGSGL,I,
GEVIHTGTL,I,
SLAPAGIADA,I,
AESLAGVTKL,I,
VLIDHDVDL,I,
FTNKSTSSL,I,
HEVGLDGTETYL,I,
YAITRVLRL,I,
GEAGGITQQI,I,
RLYDTHITV,I,
EESKIFTTL,I,
VATKQGNAV,I,
KLFKEGKEV,I,
VEETIGRHVL,I,
ALQPLLHTV,I,
REEIEATKNHVL,I,
QAMPNSPQL,I,
GGIPVGVVAV,I,
FEDGSQLVV,I,
EHDHPHAL,I,
TESNYVNIL,I,
ILGPEVMEV,I,
KLYQEVEIASV,I,
TLKEEVNEL,I,
SEEERQPLL,I,
LAYPGSATI,I,
VLYHVETEV,I,
RVPKTLVLV,I,
RENLELKEL,I,
GELLFPSSL,I,
VEEVQVVEL,I,
LEFDPAQRITL,I,
RELEDLGVF,I,
YLGAKPRSL,I,
QEQETQIVL,I,
KMISMDIEQV,I,
RLQELTEKL,I,
AEFEWENKV,I,
SLDPFPPRI,I,
KEIDKEEHLYI,I,
SEFQPGNERSQEL,I,
RLKEIKEELL,I,
GEYMDKNNV,I,
AEVKSRTTL,I,
VLHDRIVSV,I,
AAINDSQQL,I,
AEGLAALHSL,I,
GLGEDIIHQL,I,
VAVISGEAL,I,
VAVGSAVGHTL,I,
QLAPVFQRV,I,
SENRIFGGL,I,
GEVLGFENL,I,
SLNEREQEL,I,
VEDPTFLNQL,I,
RLSDYAEQV,I,
KIMATPEQV,I,
YVDDFGVSV,I,
RLYGKVLRA,I,
KTDVVVNSV,I,
GESDEREQSKL,I,
AELDKRIEAL,I,
REVSPAHQYAL,I,
KMFQVHQV,I,
REFPVISVV,I,
YEYDENGDRVVL,I,
GESGQSWPRL,I,
LINPNIATV,I,
AESIPLIL,I,
SLFEGKALGL,I,
SLAPEPVQI,I,
SLEQRLNEV,I,
TEAAAISGL,I,
KELRHPNIVSL,I,
GLHFVVPSV,I,
SLHREVEKV,I,
LGADSLTSL,I,
TEAPAAVVI,I,
QEERPIRQIL,I,
HEIPRQDIL,I,
AEDHATQHL,I,
EEVQEFHQL,I,
FEDDNIRSL,I,
AELGKDLIDL,I,
EEDNTVELL,I,
QEESLRTYL,I,
AEVQNLGGEL,I,
RVAPDTGVHTV,I,
QMAAKLERL,I,
MEHSKPVVL,I,
VEALEPEVSL,I,
REAFYRQNL,I,
LIPEGPPQV,I,
SEDTTEETL,I,
SVPPPLTSV,I,
VLAHTILGV,I,
REGNVRVSREL,I,
SEDYIKSGALL,I,
GESPVETL,I,
KELDSNPFASL,I,
LAVPSIRSL,I,
RETLKNSAL,I,
RESYIETEL,I,
RLINNNPEI,I,
REPDLPGTLL,I,
LMHSFILKA,I,
GESSSKTSILP,I,
YMSEHLLKA,I,
SEIEDAAFL,I,
RELDPEAHTYIL,I,
KLQEQIHRV,I,
SETFVGDYTL,I,
AEEFATKAL,I,
MAESTRDGL,I,
TELAEPIAI,I,
KELEKFDTL,I,
AVGGLLSIS,I,
SEEQPAHPL,I,
TESGVTSDHL,I,
GENASAKSL,I,
KEVQFNEVL,I,
NTCPYVHNI,I,
TLKIENEEV,I,
VLQDKDLFSV,I,
RELSEEQKQEI,I,
GEHVILGTGEL,I,
RELDGDRSKQL,I,
REIAEAKQIV,I,
ALLEKNLSTA,I,
YGLPVVVKL,I,
GETGSGKTTQI,I,
AEAGAIATL,I,
KVAGVSVQL,I,
KEGKYIIEL,I,
HASQPSMTV,I,
REISSKEEVL,I,
REIPTAALVL,I,
GMLDGLVNV,I,
RLLEEQRRV,I,
YLLEKSRAI,I,
GEVMPVVVV,I,
HLAPENFYI,I,
SLDEGATAAL,I,
FIDGGGSVL,I,
ALNPEIVSV,I,
YQFGEIRTI,I,
RIMSGESTFFV,I,
SMADVAILA,I,
YLASNSIREA,I,
TESYLKNVAL,I,
FLDDNQIIT,I,
KMAEEKLTHKM,I,
KELDPDDSHL,I,
AVMESIQGV,I,
KELIAEIGSL,I,
GLSSDPIAL,I,
LLYGGDLHSA,I,
AQYEHDLEV,I,
AAAIKALEL,I,
KELGITALHI,I,
GEPTPPPGLLL,I,
KLYGRPIKI,I,
LEIANPPEL,I,
SEFQDQTRI,I,
YQEVGAKVL,I,
YIRGGIVSQV,I,
AAYGGYPTAH,I,
REWTEQETLL,I,
VLAPRVLRA,I,
REDSTMILQ,I,
FIMEAGVKL,I,
KEAEGKEFRL,I,
AELAVAPPGCSHL,I,
IIDQHTFEV,I,
KESLDVYEL,I,
REFLPQGPVAM,I,
HELEERAIL,I,
RMMGEIVSA,I,
AEGNLHNPAL,I,
AMEHFVKKV,I,
TEEMTGTHL,I,
ALAPSPAAA,I,
KLLGSMEQV,I,
LVADLVHTV,I,
AEVAGQFVI,I,
AENEPPEKETL,I,
KEENTQEAAVL,I,
ALFDAQAQV,I,
RLLESLDQL,I,
AEVEQLDRL,I,
NLASKIEEA,I,
KLGPFLLNA,I,
RLAVDLSEV,I,
RLLAEPVPGI,I,
ALLGKLDAI,I,
HEDESVNKL,I,
IEYQEKPLL,I,
REAEHGPEV,I,
SEFHEHIFL,I,
RAFEVSENGNL,I,
AQVALVNEV,I,
REDLSVGL,I,
KLFEKKYSV,I,
NELRETEGGTVL,I,
KEPEPEPIVL,I,
GEGDNGPGL,I,
KEIDECVTLL,I,
GEFTHEMQV,I,
AESSVDLNL,I,
IEHADFAGVERL,I,
IAVPASNSGL,I,
AVLDNPYPV,I,
GEDLRQDML,I,
LEFSKDKIL,I,
KEIDDEANSYF,I,
YMLPHLHNG,I,
GLDTSCILV,I,
SESDIRYLL,I,
KLTPLSHEV,I,
IEDGRASKTSL,I,
KEQIIELEL,I,
IAVPDPSVL,I,
GEMMGGHAI,I,
KLYSVVSQL,I,
AETIIDTKGVTAL,I,
DETDVKAVL,I,
QEQKSGRTAL,I,
KEVDYSDSL,I,
QEFESVRL,I,
FLGEKYIRRV,I,
VAVAGTEL,I,
GEVVDQGSTNL,I,
FEEHISSVL,I,
IASPVIAAV,I,
AEMREKLRL,I,
GLASLHSV,I,
SEFLPSSGGTF,I,
HEIDVINSRTQGFL,I,
GEILNKEEV,I,
AEDFTIKL,I,
KILPGVKVV,I,
GLHETQPPSV,I,
KLSPTVVGL,I,
KLTEIRHEV,I,
SEIFTDNQI,I,
VLAETLTQV,I,
ALVEKGEFAL,I,
VEFFGDEHM,I,
NLLTHIENV,I,
GEEGSFRGSVL,I,
AEIDAHLVAL,I,
TEDAKPVKI,I,
SMDHPHHTL,I,
AEANTQVTL,I,
ADNHTPKEL,I,
IAMGSGTAV,I,
SLIRNLEQL,I,
AETGQVQKIVL,I,
AEIGSNIKNL,I,
AEEDLRTLF,I,
HIMPTVHTV,I,
AAVGEPAFL,I,
GESVQSREL,I,
KEEETSVTIL,I,
REKYVQEL,I,
REIQEKLDAF,I,
RVVAEELENV,I,
AEMENIKAI,I,
YLFERIKEL,I,
QMMQNPQILAA,I,
GEVESAKL,I,
QEFEKQDEL,I,
VEKEGIHVL,I,
TEFHHVRTL,I,
SLADSLYNL,I,
RLLEEENQESL,I,
RLYSENDRL,I,
SEADPFLHRL,I,
QMSEIEAKV,I,
GEGQSGQPL,I,
TESSLLAKL,I,
KITPAIPAV,I,
KEFEKASKI,I,
HEEDRQELL,I,
REAVSKTAL,I,
AVMTDLPVI,I,
EEFQIHDEL,I,
YQFSKNFSL,I,
AEAREVAAEL,I,
KETSATGINSL,I,
SLLDVAVHM,I,
GEEIATRPFQL,I,
GLYGKDQQEA,I,
VLLPGLQKL,I,
SLLTEPALV,I,
REIEQLKEHL,I,
KEIEYVETV,I,
GAGMAAAALA,I,
ILMDPSPEYA,I,
SESVAGSHRL,I,
TEDGLKAVI,I,
GEIKSVDPRL,I,
KLLNTVEET,I,
YLDTINRSV,I,
WEEKPINTAL,I,
RLNDGNEYL,I,
SEAANVREL,I,
REAFEEAGVLL,I,
EEFYTKAESL,I,
TEIDDLKTQL,I,
GETFSHVF,I,
TEIISPGRTEL,I,
RENFIPTIV,I,
RELENGEKQQL,I,
SQTFVNPHV,I,
RMLEDRDLFVM,I,
ALMEAIHSA,I,
AEIHNITSL,I,
REFEDQKLTML,I,
TLFAESGNKV,I,
GATSSGGPL,I,
FAVAPNQNL,I,
EAKARAEI,I,
EEAELQQVL,I,
RSIAKEGFEK,I,
GELGGHPVSEL,I,
RELISNASDAL,I,
SATGAYNAL,I,
RLDIVHENL,I,
SLWQNEERA,I,
KAWENSPNV,I,
QEVIYPETL,I,
IVDPSLIHV,I,
QELDPAGHKSL,I,
SEKQEHVKL,I,
VLYPASPHGV,I,
TEDTSVEKL,I,
GEFEKNNPDL,I,
RELEEKEQERL,I,
SLYSGIEGL,I,
HEDRGPVL,I,
REKQLQQEL,I,
GEIKSASL,I,
SILEAVPQV,I,
AELEPLKEQL,I,
KESQMLTNL,I,
SAINQVEAL,I,
LLQEVEHQL,I,
REFDTQEQL,I,
RLFPSAAQV,I,
KELEEKVAEL,I,
SADPEARRL,I,
SLLEHFNTV,I,
REILHAQTL,I,
AEAEGLSGTTLL,I,
SLAEDVLTV,I,
VLLPDERTISL,I,
SLDRSTREV,I,
KEIDKEEHLYIL,I,
RMSDDVHSL,I,
LLPKLHIV,I,
ALLGRIPSA,I,
REKGDESEKL,I,
PLHEFITAV,I,
ALGDIGNKV,I,
AAAGRSPHL,I,
AENEENKGFL,I,
KLHDRLAQL,I,
SELKSENESL,I,
ALAEALKEV,I,
TLQNDPPTL,I,
SEFENKQALL,I,
KEKQDKVVL,I,
VMDTRVIHI,I,
NEEQSVATL,I,
GEEAASPML,I,
GLAKLIADV,I,
AILAHLNTV,I,
GAAPVYPVL,I,
SESKRGNTVL,I,
KAEEAQRKL,I,
GEDLTKNHDEL,I,
SLAQYLINA,I,
AMNGHTAAV,I,
SEASFQEAL,I,
TELQDELSHL,I,
RLWPKIQGL,I,
GEQTKNPDL,I,
AETTSMVSM,I,
TAQDTTGHSAL,I,
AEEAGKKAL,I,
GQFAEHLLGA,I,
AEAQQKLGSL,I,
IQDFEMPTV,I,
HLLGDPMANV,I,
REQHSLPDTL,I,
VSHPRYLEL,I,
ALLENPKMEL,I,
FESEDVAKI,I,
GLFDQHFRL,I,
KTMELNVGNEA,I,
TEETGKSSL,I,
VEFTSSGSVL,I,
RLVEVNGENV,I,
YLLEKNRVV,I,
TEHVSDKEAL,I,
KETPLPVSL,I,
AESEQSLIL,I,
GLAENTVTI,I,
ILVEHISGV,I,
SEFKSVLL,I,
FGPPIPKGV,I,
RLKDEVVRA,I,
YAANPRPDAL,I,
YLQPKLLGI,I,
VMDDEVFMA,I,
KEDHEETKL,I,
KIADEDALRRI,I,
REVDRNQEL,I,
AEIEIVKDL,I,
REEIEKQAL,I,
QLDPTLLQM,I,
EEYLTKELL,I,
KELEEKIHSL,I,
KLYPQLSSV,I,
AETKDSGSFL,I,
QVIPVLPQV,I,
KLMNVDPDSV,I,
RLLPGSEYL,I,
ALYEGRNPGF,I,
REESPSNLATL,I,
SLYEQMGDHKM,I,
GEAGQKYNVL,I,
REDEVRLL,I,
EEKANTHL,I,
FAGNSREL,I,
KLLDLVQQS,I,
ALMGSPQLV,I,
ALQPSIKFV,I,
QLQGYLRSV,I,
IEERYGKDLL,I,
KLWADRISL,I,
EHIESRTL,I,
AAFGGDPTSV,I,
KEQELQQTL,I,
NLLDDRGMTAL,I,
EYGEIKNIHL,I,
VAWADARSL,I,
AEEDHVDLSL,I,
LAHVGPRL,I,
KLTNTNRAL,I,
QVAPAIEKV,I,
MENEMRTQL,I,
YAMDELRSL,I,
FEFRPDGKL,I,
LEQNGKITL,I,
YASNITSVL,I,
GLTSTNAEV,I,
QETDVRAQI,I,
TELESDFRDVL,I,
RQVAFDFTKV,I,
KMPDQFDQA,I,
SEAGLQHEIL,I,
GEVFIHKDKGF,I,
GEEQRFKAL,I,
QLDGDPKEV,I,
TAIAESPVI,I,
IEDGGKAAL,I,
VAVPASLLGM,I,
KELEEQRKL,I,
TLSELKTVL,I,
KELEQKKSYL,I,
SEFEARVISL,I,
YALGALNHL,I,
SEFKYNKP,I,
GEFLPVRDF,I,
FAEGFVRAL,I,
AEWEANPLI,I,
GLIDRQVTV,I,
VLNEQVKEA,I,
SLIDADPYL,I,
YLIPNIKHL,I,
VLDDKDYFL,I,
KEDLGKKIAL,I,
VEESGEHVIL,I,
KLIQESPTV,I,
IEIGVQHIL,I,
SLPSVAVGV,I,
VLIEKSHEM,I,
SEGPSQRL,I,
REFEDLQMQL,I,
KELQEKVRL,I,
KLLDLENENM,I,
IERDVVSGSEVL,I,
SEAETVMQL,I,
REETPNHKL,I,
HLLPSLRQV,I,
SLIDKPTNL,I,
YGSPQSPQL,I,
LLSEIEEHL,I,
ILDPHVVLL,I,
IESEHSMDTL,I,
KIPTPIVGV,I,
VLGPSPSSV,I,
QEFGDQDIL,I,
LEDDKGAFQL,I,
AEIAQLMSL,I,
HIYDNRIVL,I,
VVIPGKVEEV,I,
REFQEPSYI,I,
GEENILDKL,I,
HTDGNNIYV,I,
SLSQELVGV,I,
LTVEPGASL,I,
AEVEGKDLPEHAVL,I,
FTQDSNYLL,I,
ILDEMSHKL,I,
GLDGATYTV,I,
KEEENLQVVL,I,
YVINDLTAV,I,
GEEQQRLLL,I,
QEESKTLSL,I,
TEISVESKHQTL,I,
ALLSLDPAAV,I,
AEIFGTEL,I,
ALFSGDTGEI,I,
KEISSILKEL,I,
AEIETRIAEL,I,
YEEDSYSHI,I,
GLAKSIHHA,I,
KMQGAPPAV,I,
VLDEAGSTV,I,
ELAQQIQKV,I,
GLGEGFQTVRV,I,
KEEKGIVL,I,
SEGKPISSL,I,
RENSASQISQL,I,
ALFPVPEGA,I,
VEINKKGKAL,I,
AMLTGELKKA,I,
AEFPSSGSNSVL,I,
KLAAAISEV,I,
VESKQNAEL,I,
RIMGNIWDA,I,
KLAEVTKV,I,
SLAKHGIVAL,I,
SEHINEGETAM,I,
KLGHTDILVGV,I,
SEEVTQSQL,I,
KLDTDISLI,I,
KEFEDKKVE,I,
YLFREPATI,I,
REHSPEEAREL,I,
ALDKITASL,I,
RENYDRGYSSL,I,
KEMDLSVETLF,I,
RQFDNFKRV,I,
QEHPCLVEL,I,
SESQPHSSAL,I,
FLDELEDEAKAA,I,
REVEELKSEL,I,
REMETNGPGHQL,I,
KELEAEIQQL,I,
KEAVQCVQEL,I,
VIWDPDSVKTISA,I,
IAEEQQRIL,I,
VLDDVGHGV,I,
RLDGAINRV,I,
TLWYRAPEV,I,
AQYDGAYKV,I,
GETTSHLM,I,
YSLAHVREM,I,
KEEENGQGHL,I,
KEDPTVSAL,I,
RLGSVTHV,I,
GEDSKNNEL,I,
KLGLAPQI,I,
SLIEHLQGL,I,
KMLSAGVTEA,I,
TESDEKSSIAL,I,
AEFPSKPVAEYL,I,
VLLDSVEKL,I,
ENAGEDPGLAR,I,
KEEEATKKL,I,
KEKVSTAVL,I,
KEIIQQGPDWL,I,
REAIDSPVSFL,I,
KELQKIHQL,I,
RLWDLYKKV,I,
KEFLTPLHV,I,
GMMKELHKV,I,
GEENQVLEL,I,
ALASEIQGL,I,
AAAGPGPHL,I,
VLHDVIYVI,I,
ALAEITEMV,I,
YLQEIQTQL,I,
RENIRTEVM,I,
KEEERQEAL,I,
FEEPRVIDL,I,
KESNDLATTGL,I,
LLFRGCLIGA,I,
KIYAIPQEV,I,
AEIAKNLIL,I,
QMPTLPPPSV,I,
GEFGHIQKD,I,
FAINNSKSF,I,
AAAPPPTPL,I,
YSTPHAFTF,I,
KLDVEGRSV,I,
KMFEFYERV,I,
TENEERNSKL,I,
KLFEKSTGL,I,
VIYDEVVKL,I,
YTSPVNPAV,I,
KEDEQQQAL,I,
EELQEKNVTL,I,
SLVENIHVL,I,
GEIDYEAIV,I,
KETGQEHEL,I,
HEAMEQQSI,I,
AEAVATSVL,I,
FAPDYIAGV,I,
KINIGPEVV,I,
REWAIKKHL,I,
GMFGKETYV,I,
SETSGHTQESL,I,
HESERLEAL,I,
GESKRITLVL,I,
KMFEETAEL,I,
FMVEKGPTL,I,
AERNVYTSEVL,I,
QESNDKTQL,I,
SLAKQIIEA,I,
KILEALQRV,I,
LLNDHIYVV,I,
FLADNHHQV,I,
KEEKAYKAL,I,
RETQAQYQAL,I,
LEDDFQQTL,I,
FAAKQREL,I,
GEYHPYSNVL,I,
WEDYPHVHL,I,
YEIIRDYSL,I,
SLKAHVQEV,I,
KINKDLPLV,I,
REEEEGQRL,I,
RETIASVRSL,I,
ALQNYIKEA,I,
KLPEAQQRV,I,
VELSAENEKL,I,
ALEHRVYEV,I,
LEELQGVRSL,I,
FDEQHREEM,I,
SLSSFLHGV,I,
KEDNPRGLL,I,
SEDQRTPLM,I,
RLQAPELANV,I,
ALDAHQQSI,I,
TASPFFRAL,I,
KLQSSEAEV,I,
KLTDIARHV,I,
TLYSGLDEV,I,
GELIEVVHL,I,
FSSDNIAVL,I,
AENLPEQEIL,I,
LSDLHAHKL,I,
KEFSDALGYL,I,
QEDPEQLRL,I,
ATMPVVPSV,I,
REIAEEYGGVMV,I,
KLYAGLKEL,I,
ALAGGPLAV,I,
NLAEKYQTV,I,
KEIIAQINTL,I,
REQECEVKL,I,
REISMEDEATTL,I,
AENMQIIQL,I,
SEDSSRHQLL,I,
TETLALTKL,I,
EVLNKHSL,I,
AEAISQEHQEL,I,
AMLPTLGKV,I,
SEPPSPSVL,I,
GEFFENRKGL,I,
KLIHPDEDISL,I,
GLAARMSQV,I,
LEEEQKLIL,I,
KENLSVTL,I,
AEEKLNYKM,I,
LDKTSHSV,I,
AEVIDTPVF,I,
SESDLQTVF,I,
REDFKTAVV,I,
VLLGATTLV,I,
HADDSFLVL,I,
EITKEQRL,I,
GEGPVITAL,I,
KLAKLQAQV,I,
SEFREDMPSIL,I,
AEQKNIKDKL,I,
MEPNNIVVL,I,
RERAAANEQL,I,
FEEGSQKELL,I,
HEVKEVAGI,I,
AQNVGTTHDL,I,
NEHSLVIDTL,I,
AEEEFQKEL,I,
SENLQKTEL,I,
AEYEKTIAQ,I,
LLLDMQNRL,I,
QLNADEISL,I,
FAEEVGAAL,I,
KEFLQEKTL,I,
YAFPKAVSV,I,
AELTGHISQL,I,
AEEEDRSSL,I,
VIHATVTSV,I,
ALSNHLNAV,I,
LEDLSQKL,I,
MEQSIKSVL,I,
KSLPGQNED,I,
GEDGQSVYKL,I,
FLDDVVHSL,I,
AAQEPASVL,I,
RESNLQLTDF,I,
ALADFLPVMK,I,
SESKNYIAL,I,
GVDDAANFRTV,I,
RVLGKITLV,I,
KENPIENISL,I,
RLGFTPSV,I,
KEISGHTSGI,I,
TLLKQLKEA,I,
HVILGTGEL,I,
AQAPAMQKV,I,
KEFQQPSQI,I,
RLFDQAFGL,I,
REAQNLAFTGL,I,
REIKELNEL,I,
KEAGRDFTYL,I,
HEENISSKMKGL,I,
RELQEREQL,I,
HEAFSGQIL,I,
VEFSPENTEL,I,
FEFEYQTKV,I,
FEVSPDGSFL,I,
AAAGSSGTL,I,
RLNPINTTL,I,
REFPSSFESL,I,
SMMDVDHQIA,I,
KLNPAANHRL,I,
SESALVTKV,I,
AEVGAAAAL,I,
AEMELQAKL,I,
IQDKCVPLV,I,
KLFNGTFLKA,I,
FSGEGQSL,I,
REKQAPELSL,I,
RESALKETL,I,
AELKMGSSL,I,
QILDGVHYL,I,
GEHYEVTLL,I,
KMTTHLKKL,I,
EEIASISSL,I,
FASEVSNVL,I,
REKYQGEEL,I,
SEIGKNYSM,I,
QLFDNDRTQL,I,
VEHASEKL,I,
SEIQVLEHL,I,
AETAVSVIP,I,
GEGAPVFL,I,
VEDAPPIDL,I,
FVDGLTFKV,I,
SLLGRSLEL,I,
SEAFVIKGL,I,
KENRGINTL,I,
ALAETGIAV,I,
GELAFIKQL,I,
SEMIDKLTL,I,
VLSEENFKV,I,
RLFENYIEL,I,
KIKEENEKL,I,
SELASRLTL,I,
ALDVSPKHV,I,
KLDKYIAMA,I,
TETEIVTSL,I,
LSKGPGLEV,I,
SESPSELML,I,
TIHDSIQYV,I,
RLLPALAGA,I,
GEALQGVEL,I,
GEDNGQRGYL,I,
NVFENPTMV,I,
FQSMLHPVM,I,
GLADITQQL,I,
REEAHTTDL,I,
SNMPHFQTL,I,
GLSDLYGDNRV,I,
KLHPGLLEV,I,
GQFDHPNVV,I,
FSVQDSKKL,I,
MENKIRSTL,I,
KLCEGFNEVL,I,
KEFMDRHGI,I,
KISELTTEV,I,
VEFESQNKEFL,I,
GEAKASGNL,I,
VEAASDEERL,I,
VLDPNMDLRTV,I,
KEFARGSDL,I,
KEIADLKKQEL,I,
AELNSTTEEL,I,
SLHSKFIKV,I,
KLLLLHPAFQS,I,
GLSSDLQQV,I,
SVYSGCLHL,I,
HVSGSPTAL,I,
AMLGQAEEV,I,
GEHHSTPSL,I,
ALLGGLVNV,I,
ILACGVAKV,I,
ALYVAVVNV,I,
KEFFTKKGDL,I,
KETISENL,I,
VMLPKDIAKL,I,
REVSLEHEEQ,I,
KESKEAAQL,I,
RLVEGILHA,I,
KLLEELGTGL,I,
GEVSQPSKEQL,I,
GESAVGKSSLVL,I,
SLQKSIEKA,I,
HEVKEIGTHIL,I,
SKPHSEAGTA,I,
HLPANFEQV,I,
TEAEGERSAL,I,
VLNEKLEQL,I,
TMAKESSIIGV,I,
AQLSDIHAV,I,
AEVEEHLRSSSL,I,
LAKVGIAL,I,
KLLDPSTPV,I,
ALQEASEAYLV,I,
NLAPFNTAL,I,
AETFHTPSL,I,
AEMGAYVSL,I,
YLNKEIEEA,I,
YEDNNYKAL,I,
GTINNLIHV,I,
KLEPHIYAV,I,
HLSELVQQI,I,
PGALPALQNPPIR,I,
SVFDVKSGSAV,I,
SESSQLISPPL,I,
REAEEARRQL,I,
FLSDEQNIL,I,
KLYDGFQYL,I,
KELEHLSHI,I,
TLAKYLMEL,I,
SEINIAPRIL,I,
KLIEENKRL,I,
AANGQAYAV,I,
MEEEYIQQL,I,
SAFGGSLPA,I,
WLAEKLPTL,I,
SECKSRDVL,I,
SEVSQVKETL,I,
KVFGGFQVV,I,
IMNDIPIRL,I,
KLNEMSYEL,I,
REDGKIIQL,I,
SESHPNSNL,I,
GEMGKEETL,I,
RVAPEEHPV,I,
REIDRQEVI,I,
AENPSIQLL,I,
MEEDLKTMI,I,
SIFDSKVTEI,I,
KISDFGLATV,I,
RLFQAHQV,I,
TEEDPSGETL,I,
YASSPGGVY,I,
ALIDHLPEI,I,
MLNPQHVQL,I,
KLIDDQDISI,I,
AEIQDMKQEL,I,
FLADPDTVNHL,I,
RIDEFIVKL,I,
AVADIKFSSA,I,
SLLKEGIHV,I,
SLPELIKEV,I,
RALVGREL,I,
YEDVATFL,I,
REQLEAEGQAL,I,
GEPRVGKTSL,I,
KEFHLEYDKL,I,
KEDDLDVVL,I,
AEVGGVPYL,I,
FSYGSGLAA,I,
KLDKDIVAL,I,
VAAPASLSL,I,
SAVGQFVSL,I,
YLPEWKENI,I,
GEETGIDVTL,I,
VEHMTETYL,I,
KLIPQLPTL,I,
YAVDRAITH,I,
ALLQIQQGL,I,
SEEDLKQLL,I,
SEQRLLIVL,I,
RLLPKLKKI,I,
QEQPAQPVL,I,
RELFNAVSGL,I,
GEAQVGKTSLIL,I,
LANEHNVAL,I,
YEEMFSPNI,I,
KVLAAVYKA,I,
SESSLSGEEL,I,
REHTDQVLHL,I,
FAHDSTRVI,I,
SLVNVVPKL,I,
GLYSDRISEL,I,
NLFPMSHNV,I,
AAAPVVPQAL,I,
TEYEKDFSL,I,
YEVDGKDHKI,I,
FQDNHGVTV,I,
RLIGIKDMYA,I,
NMFGTKFETV,I,
GELPVSETL,I,
GEEWKGYVV,I,
LQHEGIFRV,I,
REASIYTGITL,I,
GESSMIMEI,I,
FSSSRTATL,I,
AEATPMLKTL,I,
GESSLRNFTM,I,
FSLPHPEAL,I,
VEAISLPSL,I,
NEHGMETAL,I,
KESPTQISI,I,
AEVELKKGATL,I,
NLDGTVTEM,I,
TEQKEKVEL,I,
NLCPTRIEV,I,
QEFEQRESVL,I,
KIMEEKIQI,I,
YAETIAHIL,I,
SEVESTASIL,I,
RLMEEKEKL,I,
KEFDSPETADL,I,
RELYERPPHLF,I,
ATIDPDTISAL,I,
EIEDRQKL,I,
AMLEENGERVL,I,
VLQDGPISRV,I,
ALDSGVSTM,I,
TLFTKELVL,I,
SLVPGHLDQV,I,
AEMQKTIEM,I,
GEFSSPGQEQL,I,
YLIGGDVKSL,I,
GEDPEERGVKL,I,
GLTSAIQAV,I,
YVLEGKEL,I,
RLAEAQTYL,I,
AQFPLQPGKV,I,
GEFAKLSKI,I,
QMGGHPTEV,I,
YAITTLHNL,I,
AELTKVFEI,I,
KEMGGHHIVAL,I,
ALGDDSPAL,I,
SENEEIVGL,I,
GELVGGLDI,I,
LLDVTPKAV,I,
RLAGGLQKMVA,I,
HEAQLSEKISL,I,
FLDERTPRL,I,
SELELEDKL,I,
SEESFPTLL,I,
ILLPEPSIRSV,I,
RLQGKIEKL,I,
RLSSTQEEV,I,
SEDGRSPISI,I,
REKEEEQRL,I,
ALFPALRPGGFQA,I,
RELQSASETSL,I,
AVQDFLHEI,I,
KIGDFGLATVK,I,
AAINRQINL,I,
KTMQGEGPQL,I,
HEMEKAFAF,I,
AETRESTQL,I,
KIGPALKTV,I,
SELSSIQNL,I,
TEDVGSGVAL,I,
GEIKVPVNVL,I,
FEWAKNSPL,I,
VEFIQPPGSL,I,
REIAEEYGGV,I,
SEVHSPPNVGL,I,
YENMVTEIM,I,
VEEPSKKGAL,I,
GEMKAEVTKL,I,
SIAAAIAAV,I,
RLPETVHTA,I,
SELTQPKLAL,I,
REFGSADSDL,I,
KEAAEKGTSKL,I,
LEIAPHALL,I,
FLFEDFSKA,I,
KEAALSTAL,I,
ALQEKVQAV,I,
YSYPATPNHSL,I,
KIAPYSVEI,I,
RLMDPPSNEAVLL,I,
SENIHPQVL,I,
AACGGGAAL,I,
GEHLVSVTL,I,
KLLGKLPEL,I,
VLSRINQRL,I,
KEAGGNYTPAL,I,
KLTIVDTV,I,
GELKHGPLAL,I,
GETSTPTQGSVL,I,
RILDTVIRA,I,
ALNSKILSV,I,
RLLDLENSL,I,
KEIAEHQL,I,
TVLKKVSGV,I,
EEDQRVIEL,I,
ANATPLSTL,I,
REEILANGGSL,I,
AEEAFPAETL,I,
AELGGPLGL,I,
HLAFVHGV,I,
GIIDPKESHRL,I,
SLDALLSQV,I,
GLIGQLDEV,I,
TLAEEVVAL,I,
KLADDLSTL,I,
AEEALRTDIL,I,
SEDPNLFGSNSL,I,
SVFPRLHNV,I,
IEDFNQNVL,I,
ILNEFPGHGL,I,
GMSAVISSV,I,
REPLGHVSL,I,
LLAATCSRI,I,
SLDPVELRV,I,
RELKELVKEL,I,
ALLDPDKGTRL,I,
KEVFEDKQSVL,I,
VVGPSHEV,I,
YITERIIAV,I,
ILGPQGNTI,I,
SEFKDEPLL,I,
AESHPSSNL,I,
RAPIVTVGV,I,
ALFEKNKEL,I,
LEEGTYQKL,I,
GEETAHMSL,I,
AMAPASAVSGL,I,
ALAELLHGA,I,
KEIFETPTEI,I,
QLLDKVHGL,I,
SLYFGENRL,I,
REDLALGTQL,I,
RESFQRVEL,I,
YLYPDITRL,I,
ALQDSNNKL,I,
SEHLDTQKELL,I,
KEMKSPEL,I,
TVGSVVSSV,I,
KMPDDVWLV,I,
RLWDLTTGTTT,I,
AEQEGKTAL,I,
KEVRDLKETL,I,
GLSNHIAAL,I,
KEMEEKISNL,I,
AEKGFDETL,I,
RLPPDTLLQQV,I,
RMFGPDKLVRA,I,
SMYDKVLML,I,
GEFPGDERRKL,I,
KELEESHDQHAVL,I,
KEYQEDLAL,I,
LAYIAHPKL,I,
YAAPGGLIGV,I,
ALAKPPVVSV,I,
VLGPAAYNV,I,
SEETSTSVM,I,
AEPALAPSL,I,
RELSSTSL,I,
GESSEYTKM,I,
FLDGNELTL,I,
QEFGIPIERL,I,
KESEVFYELA,I,
AEIKTTNEVVL,I,
LDEGKMKL,I,
MLVEPPVAKV,I,
RLAHKGISQA,I,
EEIEATKNHVL,I,
RQLDMELVSV,I,
KSILPQAAL,I,
KLIPNAIQI,I,
KLQEANAQL,I,
GLMDTVKKV,I,
KEAKEFLVQL,I,
LLDVVHPAA,I,
VEFGGNDLL,I,
GLWGPVHEL,I,
ALIKQLFEA,I,
GLAKAVASV,I,
KLYEHLQRA,I,
RLMEAMSEV,I,
TEYMEHVYL,I,
FLDKNNDLL,I,
GLVDKLQAL,I,
NEMALVQEL,I,
GELKNGFAV,I,
AESAHEPRL,I,
AEVSEKALDL,I,
KLLSKTPEL,I,
AEQPDGLIL,I,
AAVVSSPSL,I,
ADSEKARL,I,
HIIGGVIAV,I,
SEHSSLTNL,I,
AIAGAPVTV,I,
YGAEALERM,I,
GGGGLGSGGSIRSS,I,
YLLTESSKL,I,
GEFDPSKERLL,I,
KMMDPRVLHHM,I,
SVIGSLNGV,I,
KADKKFHVL,I,
SEPDHYVVI,I,
AEASVHLSA,I,
AQYENPPHI,I,
RLHDVLMEL,I,
YEELERIPL,I,
LEQEKEVLL,I,
AEVETRIEAL,I,
KEAGTHYIM,I,
ALASISHVA,I,
RTPELTWERV,I,
RLSALHLEV,I,
GLDSSVSFV,I,
KELQTLHNL,I,
AEDEGKTPL,I,
GLGGVTGV,I,
YESEHGINI,I,
YLSPTFKEV,I,
FENTDSVHL,I,
ALMAGAHGL,I,
REQEIPFVF,I,
KEFSGHSSL,I,
RMLPHAPGVQMQ,I,
FLEPVNPRL,I,
AEPKLAFVI,I,
KEESSTLSV,I,
FVMSEIRTV,I,
FSSDVTHEM,I,
KEEEVHARL,I,
TLAEIAKAEL,I,
VILRDSHGV,I,
REVIQNSKEVL,I,
RENETSRQNL,I,
LLAEENQRL,I,
FLFPRSIDV,I,
YEAPAYHL,I,
YAMDIVKGL,I,
NMNDAIFSV,I,
KEKLCYVAL,I,
VMQEGLAHI,I,
KELEEKSDRL,I,
LIDVKPLGV,I,
RENDEEKVTF,I,
RENGEATDTIL,I,
REATIAVNIL,I,
YSMPSTHAM,I,
REVNTFVKNL,I,
RELFETVGV,I,
AEGLGGTDL,I,
LEEQTPRTLL,I,
SLFGGSVKLA,I,
SLIEKPPIL,I,
KELQLLSETL,I,
AVANIVNSV,I,
GEIRNGQIDV,I,
HEELVSVLI,I,
WEISQKTVL,I,
WEGKADMETL,I,
SETGTASGL,I,
QEVPTFTEL,I,
HMMPDLPNVGL,I,
YEKQEGEKL,I,
RQTFVIHKL,I,
GETKVDQEEL,I,
FLEEANRVL,I,
ALARRLERA,I,
PGDISSLSL,I,
GESAGAASVSL,I,
KEFIGQQLI,I,
KQMHFRVQV,I,
VEVDAPKSQDL,I,
VEDIAARL,I,
RQQEKHFEV,I,
HETPVEVEL,I,
RLSEENTLL,I,
ALLDNNIGL,I,
IELSDEHGNTIL,I,
GEMTLKSAL,I,
KENLEKTRHTL,I,
TEINMKNEAL,I,
SLAHRPVRL,I,
FEVETPAVL,I,
RLDNSAAKHKL,I,
GEDPAFGFPKL,I,
VMQETLRNL,I,
KEFEDVDPKVKL,I,
GEAPAKSSTL,I,
REVVAASHEL,I,
KELEQEKEVLL,I,
SEVTEPDHPVL,I,
YLKDGDVML,I,
TAAQSGVGL,I,
IEFDPSKPFSL,I,
REPAPCAAL,I,
GLFQNPKQI,I,
SAAVQKAI,I,
REATTLANGVL,I,
KEYLPIGGL,I,
HEESVREASL,I,
TASPVAVSL,I,
IEKTDPTTL,I,
SLAQMVSGL,I,
EEQDSVKVAL,I,
HEEDRLERL,I,
QELRNVIDKL,I,
TLNDGVVVQV,I,
RLIEVNGQNV,I,
ILTDISSSL,I,
AEVKEKVVL,I,
AEAEEPKPQQL,I,
HEIDVINSR,I,
REAQHINKSL,I,
ILDEEKFNV,I,
KEHEVEKMFTL,I,
SAIDFYRKF,I,
REVESQAQQQL,I,
FLSEVSENKL,I,
GEFKLNQPEL,I,
RLLLPTPTV,I,
VAVSSGGEL,I,
KLSDLQSVNV,I,
ENITKQVEI,I,
SLANNVTSV,I,
KELENANDL,I,
READSMAAV,I,
RLTDVFGSV,I,
YQLGELVKV,I,
AEPPPPYSEVL,I,
GAFRGPPL,I,
AILEKVFTA,I,
IQLPSVNTV,I,
GLDKAVPSL,I,
REAWVSSSL,I,
KEWLEDKGQVL,I,
AEEKSLIGL,I,
VAQNSGLTL,I,
AMKSDIDEV,I,
AAGPAPSPM,I,
RENKTAVVV,I,
ILDKYPLAV,I,
KLFGKRLNV,I,
AEGDSKAAEL,I,
RENGSGHEASL,I,
AEFKKEEPRAL,I,
KEDDVRQYV,I,
REMDVIRNF,I,
YIDDVFHAL,I,
SEDTQMIRL,I,
GESKYLMAL,I,
SEMQQKVEL,I,
GELTQGSLL,I,
FLADPVSNMAM,I,
SEFLSTAPRSL,I,
GEQEHGLYSL,I,
KELSMVTEL,I,
LMLKDYTKV,I,
SELDMTSEVL,I,
KLNSVDPTM,I,
GLGGEFVTTI,I,
REQDIEDQL,I,
HEVSEIIDGL,I,
TEIEEELKSL,I,
TVLEKVYEL,I,
LLYQEGAKMAV,I,
MEQKPLQSL,I,
AEAGGSLLL,I,
YEAGQLYGL,I,
RLIEPIPDSHI,I,
VESNSPAAL,I,
KEYEEDGARSI,I,
RESDLSSKTQLL,I,
GLVDEKALAQA,I,
YLDPSGLGV,I,
NEDGLRQVL,I,
FQDPNAFAV,I,
TEYGKHEEL,I,
ALANGVSRI,I,
SENINAVTL,I,
REKAVRELL,I,
GEFVEHHKI,I,
GASEAGTSL,I,
KELGLVDGQEL,I,
KLWKENPGL,I,
KEETHTIKL,I,
ERDEQGSKI,I,
VEQLVKQHL,I,
KLSEEIMEI,I,
GLHGQLQEA,I,
MEEFHGRTL,I,
GEFSLHEQTVL,I,
SLLDSRSYETL,I,
HEESQTATLL,I,
TEDGNILQL,I,
GEARLREMEAL,I,
KMKDTVQKL,I,
HEIDDRLSDL,I,
AEASSEEL,I,
KLIEYYQQL,I,
KESSEASQL,I,
LEEQHAQQL,I,
AAINPNHPL,I,
ALSTNTTKV,I,
ALSPQLQQL,I,
REEIEAHIAL,I,
KIFSGVFVKV,I,
VLAKELVEV,I,
VLDGKIVAL,I,
TLPKLGVHKV,I,
KLLQGVAEL,I,
SLLKEPQKV,I,
LEDEGKAML,I,
FAETGRTFL,I,
AEQVYISSL,I,
LAAAPGSVL,I,
VLDEDRSGA,I,
SETGIIDVF,I,
KEIAELKKQL,I,
GEYTDIQGL,I,
KEDPEKGAL,I,
KESVNAKVL,I,
GETGIEETIL,I,
EESAAKAEL,I,
FNHEGSDL,I,
REDPNYYSYL,I,
AEIGAPIQGNREEL,I,
YADEKTKDV,I,
AELMPGASGAEV,I,
VSWDIPGARA,I,
YEDLETHLL,I,
HEFIEEKENRL,I,
KEIERFQEIL,I,
GEEGPQAVAKL,I,
KEMESIWNL,I,
YLDEDTIYHL,I,
FLLDKKIGV,I,
RENYLEENL,I,
SAVGHVFSL,I,
LLIKDVPAT,I,
KETETHLEML,I,
AEFEEPRVIDL,I,
AEHSLPALI,I,
ALDEQFEPQKT,I,
RLPRPLPAV,I,
GEIEARYSTGL,I,
LLDEPTNML,I,
KLLEVNGVAL,I,
EEIKSSKDQL,I,
KELEEKVMEL,I,
VALLRVTPF,I,
GEAQKVERL,I,
SEYSRSEITL,I,
MENAVQPLL,I,
REEMVTGAKRL,I,
LLDEDNNIKL,I,
SEDKARWHL,I,
SESPTNIPL,I,
AEIGAAAQQSL,I,
FLDNACHQL,I,
KEDPATMSLL,I,
AEEPAQKL,I,
QELDLSNNHL,I,
KILDYEVTL,I,
SEDVSQRVYL,I,
AMIEGEIESL,I,
SEVSRISEVL,I,
KEVGVEKL,I,
RENVAQYVL,I,
FLYEGPKVI,I,
AEEAPKTPL,I,
GEVFPTTEVL,I,
RETSEKFKL,I,
VMDNKNPTI,I,
REHEDVQERTTL,I,
SLFPHNPQFI,I,
VMSEFNNNF,I,
SLIDKHLNL,I,
QELRDISSM,I,
LLDENGVLKL,I,
ILLDNDHYA,I,
FEEELKQTL,I,
VEFFHVEDL,I,
AEADGGYEL,I,
LEVEKSLVL,I,
KIADENGAYL,I,
AEANAFSVL,I,
IMDATNILV,I,
SEDILHNSL,I,
KEYDEPYVL,I,
AESGGSTL,I,
RLFDDSTVTTV,I,
ALSKVHFTA,I,
KLQELENRL,I,
REDTKAAVL,I,
ALYEDRYLLGT,I,
LEVKPTDEKL,I,
AQYENPPHIY,I,
LEISKMEVL,I,
KEHADDDPSL,I,
GEIPWSQEL,I,
GLPEEIEEL,I,
AENNTLSKL,I,
SENKIVNVSL,I,
TLSPRPPLI,I,
GLFPTSPSL,I,
YVFDGKPPQL,I,
KLLEPSSPQFV,I,
AEEEPPSSAL,I,
LETDENLLL,I,
SEDVKPKTL,I,
SLSHLVPAL,I,
ALAEQVQKA,I,
KELTEEQQNL,I,
EEYKLQNETL,I,
FEDNPRDLQL,I,
RLYSGISGL,I,
YENVPTTVF,I,
SISGPGVDKEPFN,I,
TEIEALKEEL,I,
GEQPLQPVL,I,
LEINPDHSII,I,
KLLNVDPDNV,I,
REDENKSIL,I,
RVMRDLKGV,I,
EGPHHVAL,I,
AMEDKFYSL,I,
KELKQSRQL,I,
GEDPNQKVI,I,
GEHSDAAEL,I,
AEKKDPQGL,I,
KEQRDPIYL,I,
QEDLVKDVL,I,
SQIQKVEPA,I,
MLLDVMHTV,I,
KLLKQVDFL,I,
AEVAQREAETL,I,
QQNNVEHKV,I,
SEPEVATKQEL,I,
LEAEPQFSL,I,
SLDSQKFVTV,I,
GEVELVEPGL,I,
RETLQGLAYL,I,
RELEAENSAL,I,
REVYPVGIFQ,I,
LAMEPTPEL,I,
RESDVVQELL,I,
SELSKEVVTL,I,
AALEKPTTL,I,
KEAIDLGQEL,I,
KMAAIDEKVQA,I,
QEGPVGSTL,I,
SEYESEAKYL,I,
YEDGNVQLV,I,
AESGPASL,I,
RENNAVYAFL,I,
QEAGKQEEL,I,
VLGGKAFLEHL,I,
EEEGPKREL,I,
SEEGGHVAV,I,
GLTDKVGRV,I,
KELILHNPVTL,I,
AEDFEKLTL,I,
YSHSSSSL,I,
KEESAATQAL,I,
FLHEATVRL,I,
LERNEFITL,I,
KEQDKPPNL,I,
NLIRSVRTV,I,
SEDYIKSGAL,I,
KEYDFGTQL,I,
SETEEASQL,I,
SETYETKTAL,I,
GLADNTVIAKV,I,
KEMQDKVIKL,I,
HLTEDTPKV,I,
GESKYTGTL,I,
AELGFKEETL,I,
IIIDSVPEV,I,
VEERLAGATL,I,
KLKDRLPSI,I,
KEFPQPKNLL,I,
VMFKEPIEI,I,
AMMCDIIYA,I,
MSGPVTVL,I,
REFTGAHIDI,I,
REESAADWAL,I,
FEDPVHVVV,I,
AEISAREGTGL,I,
FVPEIFHRI,I,
EEQAKYYEL,I,
SSSGGGGGGGRF,I,
AESFPDISL,I,
GELGGFAAI,I,
YLDENYERI,I,
IEMQAITAL,I,
GEQAYPEYL,I,
SADENYRPL,I,
KEIQAPASADI,I,
KLAPPPKKA,I,
AELGEQNQEL,I,
GEDVNPLIKL,I,
TEISDKITSEL,I,
QEIGQEKEQL,I,
RLGPAGASL,I,
AQNTIVPKV,I,
RLFSKSIETL,I,
KLDIISPQL,I,
TEIQGENVTL,I,
SEAVERLSVL,I,
QIGDFLVKV,I,
YEIIDNSQGF,I,
ELHQEHDL,I,
EEVLIKNGEI,I,
AEAEKVLAL,I,
SLALVHEV,I,
GLFHGTELL,I,
LRDNSTMGY,I,
SLIAGVIRV,I,
GEPVDDKSATLL,I,
KLFAKHIKV,I,
KEDHTLGNII,I,
ALLEEAEQL,I,
VLPPQSQEV,I,
SGPTSPLSAL,I,
REFDSSTLNESV,I,
KLFDAPLSI,I,
AEIEIVKEEF,I,
LSEENFKVL,I,
KIMDATNILV,I,
AEHHGIGDL,I,
RLAEYSVNI,I,
KMLDKYIYGA,I,
VESQEREDVL,I,
GEGPEAEFQSL,I,
REAEMRNSI,I,
LLDVTPNAV,I,
LVTDIQPVL,I,
REHEESKRVL,I,
AMMSVDETL,I,
KEFNRPDKL,I,
AETASLEEQL,I,
LEVGQVVML,I,
FAGHSGDVM,I,
REQEEYKRQLL,I,
AETKAESEQL,I,
GELQERIQRL,I,
GELPNGPLL,I,
VMDKRVNEL,I,
SELSSQLGL,I,
SEFGSPGLL,I,
VLFEKEVNEV,I,
TEDQGVKVFL,I,
SETGKGPTL,I,
REELLHGISEL,I,
YLFENGQRV,I,
YLEEELTKA,I,
KLIPDDVMTRL,I,
SELLATGAGL,I,
GEEGTGGTVHL,I,
FAYSDSRVGF,I,
TEAHFKETL,I,
TLTDYTNQL,I,
AEISAFEL,I,
GEVTYVELL,I,
SVLKSTPQV,I,
FPGKVHSL,I,
GESNFGDAL,I,
KQHSGEFTV,I,
REDRSEIERL,I,
FAITGHAEA,I,
GEIVQPEEEPRL,I,
VTAPSGILDV,I,
AIIGGTFTV,I,
GEEAQSGLTVL,I,
GEIRNVGTGL,I,
TLIGTVAET,I,
GETREKSPKL,I,
GEPNHITRL,I,
KEDQGTIHQL,I,
RESFPVPTVL,I,
HSIKPSSSV,I,
GEQYDQAKL,I,
KVQEQIFNL,I,
SVIDHIHLI,I,
RLLNKSIIRV,I,
AEDDFKEYVL,I,
VSLEGKPL,I,
AEEVGVEHLL,I,
AENGHFHNL,I,
LAVTDTGAL,I,
KLYPGKSLL,I,
RVHDYDMRV,I,
REDQAGKTL,I,
AVIGGVIAV,I,
RELPAGINSIV,I,
TLFSEPKFAQV,I,
GEKVVKTAL,I,
GVFDGLHTV,I,
REDRVTTEI,I,
AEVGSHEKV,I,
HTDPQTSRTL,I,
FLDIHNIHV,I,
YLDAMMNEA,I,
RLPQYYIVV,I,
ILNKVAPQA,I,
SETHKAIQAL,I,
KLFNKILKA,I,
ALYPVLEKA,I,
NMVEELEKA,I,
REYHERLQTFL,I,
YLNPLERKL,I,
FQNPSTVTL,I,
AEIEKQLAL,I,
AENPDIFAV,I,
QEDPNNTSL,I,
LAIKPGTSV,I,
LVDPYMHEV,I,
GLFGKELHKV,I,
GLHCPPPEV,I,
KLTEMRGIYA,I,
KLKETAESV,I,
AEYGGHDQI,I,
ALYSAEHGL,I,
TDSGIHIIL,I,
FSQEEFRNL,I,
TADGQTRAL,I,
ALSKTIAAL,I,
IGNPHHVSL,I,
RELHLEGNFL,I,
REAVAKQLL,I,
SLHDMKTVV,I,
GLHSGNFSRV,I,
REAESKARTL,I,
AEERNQNLML,I,
AEVSQPRLAEL,I,
YAAPPAAAA,I,
LVYEGQLSQA,I,
KMVDSFHRV,I,
SETQPLVAL,I,
KEFETSNGDSL,I,
KLLPQLTYL,I,
AELFAEGQGRAL,I,
TEIAEERQYL,I,
KEDFSEAGNYL,I,
LEQLIDQKL,I,
HELEGEFQEL,I,
GEEGNMKFGTTL,I,
FLEEREIAL,I,
VEENRGPVL,I,
QEEQTRVAL,I,
VEVVDGVKI,I,
AMPHSIMRV,I,
TTDNANIL,I,
TLYNPERTITV,I,
TLMGVPGRTMGV,I,
RISGATFSV,I,
IEYENKEKL,I,
FEDKSAYAL,I,
RLQDKLAAT,I,
TLAESSDHV,I,
VAIEPGAPR,I,
LLDLIQTKV,I,
SMLGEEVQL,I,
SIADIHPIQV,I,
HEVEPRYVVL,I,
SALRPSTSRSL,I,
KQFEPNDFYL,I,
TEQLVNDIL,I,
SEKEQRQAL,I,
ALLDSAHLL,I,
FAALHGPAL,I,
QEVFEKATFI,I,
SMNGGVFAV,I,
AMNGKSFSV,I,
ALAGPEVEAHL,I,
FENEIITKL,I,
AELKIVADQL,I,
ILDAQTAFV,I,
AELATRALPEL,I,
REDGVFNISV,I,
RLHEFDEQV,I,
RLLPDIRGV,I,
MLIEEGGLQHL,I,
REGYEEGSSL,I,
QILEAIPQV,I,
SEHRNLQNLL,I,
REDSKIVDL,I,
SILTTHTTL,I,
SEVASGQKI,I,
SLDNLKASV,I,
GEFGDEDERL,I,
RELHEKFEHL,I,
TEDPNDNRYLL,I,
VEQPTGSVL,I,
KEESLHSIL,I,
GEMEAERL,I,
EEESHRVVL,I,
IEADPVMVL,I,
LEASEPVAL,I,
KLSGLTTNV,I,
FLLDGFPRTV,I,
AETMQHIFL,I,
VAISGNEAL,I,
HLLSAISSV,I,
AEYKDEELL,I,
FEKEETFTL,I,
RAARALLPL,I,
KLTKTNERL,I,
GEEKGTPTTL,I,
RTFDETVSTYV,I,
SDEREQSKL,I,
TEVTDFPSL,I,
IEDTYTQKL,I,
LEQKDVNSL,I,
LMNAVVQTV,I,
FLDNSFEKV,I,
SMLNDIAAV,I,
VGFSGAEL,I,
ALNGDLVVV,I,
RENLEVGYEVL,I,
AQVEAVHKV,I,
VLGELVPRL,I,
KQLEVVHTL,I,
AESELTVTQL,I,
VVVQPYNSL,I,
RLPDYVVVI,I,
RLAGADVVLGV,I,
KEEDTILVF,I,
QETSVGALGSL,I,
SEIRHLLTL,I,
AVFPGQFGV,I,
ALAERLDIV,I,
GEFAETSGKL,I,
LALDASQHSSL,I,
FGFEITHEV,I,
SLVEGEAVHLA,I,
ALSDYDLVL,I,
IVDANLSVL,I,
QESNVQLKL,I,
AEIRETLTQGL,I,
GETTPDKLFTL,I,
KQISQAYEV,I,
QETADVKASVL,I,
GLWRGEEVTL,I,
TEIQNQTDLL,I,
GEVLHSPAI,I,
ALDPSLDNHQV,I,
REYLERELTM,I,
RETEDITFSTL,I,
KIDEHHFVA,I,
IEHSKAVEIL,I,
SEDPIKEISL,I,
KLSEDLNTI,I,
FAFESDLHSL,I,
KVGSFSQNV,I,
YEFKGHSL,I,
ILYDKDHYKL,I,
KLAQGISQL,I,
AEVSNTFVRL,I,
REDDPNKEQQL,I,
SEQNLQVTL,I,
ALMADMVYV,I,
KEENTIILQQL,I,
VLQQHLETL,I,
KVQEQVHKV,I,
VATDLGRPA,I,
KLDADMPEV,I,
TEDSENQRL,I,
IESQDRPKL,I,
LLEPCIPSV,I,
SENSLNVML,I,
TENNIVKEEL,I,
IEEVEITAL,I,
SLIRSVVAL,I,
NLFSKPIEI,I,
AEEKYISGPHEL,I,
SEIEEFYQKL,I,
REVNTTEEL,I,
KLYDIEQQQI,I,
MESEGKTVL,I,
EEHNSMNEL,I,
SESSQLLYL,I,
EEDESSFQL,I,
AELALQEAI,I,
RVIKKLLEV,I,
ALSSYDPQM,I,
NLYPETFAL,I,
NMNEIVAQI,I,
AEEEAATRI,I,
FLNKEILEL,I,
RLINQVLEL,I,
VEEDFQQKL,I,
SLLQTLYKV,I,
QMLPAEGVKEL,I,
SLYKGLLSV,I,
SEEEASINL,I,
YAIEAIKL,I,
YEAAGEIVRL,I,
AETTSQQERL,I,
TETNVYFKL,I,
ILQKNVPIL,I,
KVVNIVPVI,I,
ILQDEQYLM,I,
VEEPQNLIK,I,
KALDKIAEI,I,
QEIAEKQAL,I,
GEWEESEVKL,I,
EENPEFTSL,I,
QESSNPNNVL,I,
SLAGLLDQHGV,I,
FLDELAQKL,I,
TEVAGSLL,I,
YFFTSVSRPGR,I,
RLGSVSEA,I,
FEEQGASDL,I,
EGHNTPKL,I,
ILDEPTNHLDM,I,
ELRKNGVEL,I,
REASKQLLL,I,
TEMEGQAKEL,I,
KLDSSETTM,I,
VAYSHPTTV,I,
AISEVIGKITA,I,
IAYIRDLAL,I,
LANEPSVAL,I,
REAAAVFQETL,I,
KEEKGIVLM,I,
YVIDGATAL,I,
AERKGGEETL,I,
FLIGQGAHV,I,
GEMNEKIKL,I,
FIMEGTLTRV,I,
AMKEEKEQL,I,
IITTVGPEL,I,
KEYDEKARL,I,
KEFGEQEVDL,I,
NEEGQQFAL,I,
VEEDIITEL,I,
NLDAATYQV,I,
FLASESLIKQI,I,
SEDPRSVINL,I,
GEVEGHPVWAL,I,
GERKMEKEEL,I,
ALMPSLTET,I,
VEVLIKNPKL,I,
AEASSEHPL,I,
TEMETIYDL,I,
GEAGQGKDFISL,I,
ALLDHDLAL,I,
KLDQVIIHV,I,
YLDPNYQSI,I,
SESASELHKL,I,
SANIGPFL,I,
LLLAPRPVAV,I,
SEYIKAEEL,I,
IMHDVIKKV,I,
TEAVVKEKL,I,
RLGEVANEV,I,
KEFDPTITDASL,I,
NENEVVPVL,I,
AEQNGKGVAL,I,
LLAILPEAARA,I,
TEQFVATVL,I,
REIDYKTAFKSL,I,
KEEQIFVVI,I,
KESESLQARL,I,
RLTDEQHKV,I,
LLTESNERL,I,
VEFKHDDKL,I,
REEQELQQAL,I,
SIADHYVEV,I,
REGPAGHSKGEL,I,
SEEKASNVL,I,
REHGAAASERL,I,
SETQANNEL,I,
YEDNDEVHI,I,
AEYLEKLKL,I,
GEAVQEELL,I,
SEVQAKEEHL,I,
AEALPRPNWEL,I,
ALHGESNSV,I,
REMPPVDPNIL,I,
AVAPSSPFL,I,
QAVEPSAQAL,I,
EESESVLTL,I,
AENELGVVV,I,
EEAAVTGVL,I,
KESEVVSFL,I,
KENSLENEKL,I,
GEEDTRLKASLL,I,
REAEADGAAWVL,I,
TETQVSDFL,I,
VLSPLGPYRV,I,
RLVEVNGVNV,I,
SLLEHLSHV,I,
SLLPHPIIV,I,
FMFEQAHEA,I,
ALADVATVL,I,
ALNGSQIGL,I,
KLPSQPKEV,I,
KESKSKIDAL,I,
REFDAFVETL,I,
REFLKTKNL,I,
TETESTLSL,I,
ALLNQHYQV,I,
AESVDSSGKTAL,I,
FMSSHIKSV,I,
LLDIIKSTV,I,
YVADPGGSL,I,
KELTGDMQL,I,
QEHIDDKIAL,I,
KLIDIQEKI,I,
VLDVDLQGV,I,
KLTSHAITL,I,
EEFKGEIAV,I,
REHDIAIKFF,I,
REYPNSGPQLL,I,
GEISNDPITF,I,
SEFEGGKSTV,I,
SEEAVQVLL,I,
ALAKDMALA,I,
YLQDYTDRV,I,
GEYFAIKAL,I,
KILTFPEKV,I,
GEDSKLIYDL,I,
KEFLVAGGEDF,I,
VLFKAQLEKA,I,
FEEDSKSEF,I,
REEAIHQSQL,I,
MAAAASPAF,I,
RLYPDAEIIKT,I,
HEILCKLSL,I,
SEDIRTEAL,I,
HLKEDQTEYL,I,
KLTIVSTV,I,
SVDPTRLLL,I,
SEDESGMNFL,I,
ALLAENSEL,I,
KLAAVVNNL,I,
AEEALKYLL,I,
QEASEAYLVGL,I,
SEIQDGAFSHL,I,
SLAEGTATV,I,
SEGECNVML,I,
GEFGDVML,I,
SEVQEKVNEL,I,
MEDPGVRDTML,I,
HENPGLYAL,I,
AEEQAKNLL,I,
KELEEELQHL,I,
KLSDLDNKL,I,
TEFLEVSQL,I,
TEILERRSL,I,
KLTELENEL,I,
AEAQDPFSTL,I,
SELRSAGVEQL,I,
VTMPAGQDL,I,
FGPPDPAQV,I,
SEYRSEQSV,I,
LLDGKVVNV,I,
ILAQQPLSV,I,
ALTDFVRSV,I,
SEIEQAVQSL,I,
YMEEDVYQL,I,
AEAQGKSSEVSL,I,
KEIEELTKI,I,
IENRDVAKTVL,I,
KEEAQLATVL,I,
QEAESAVRL,I,
RLALQLDGV,I,
SELEEEKQQL,I,
KLHVDFRNV,I,
KMAEIKVKL,I,
AMMAKAEYL,I,
SLQANVQRL,I,
GLFPAPIHV,I,
REEENYSFL,I,
VLLSTIHEL,I,
FATIRTASL,I,
TELTLKNQTL,I,
GVAEPMHGSLAGV,I,
REKATEVEL,I,
TLWPEVQKL,I,
QEIESSMHAL,I,
LIYGRPVYV,I,
FLAPLPHEV,I,
KLNDLNSSV,I,
KVPQLEIVPN,I,
VLNKEAVEV,I,
AEVNLKKKSYL,I,
RLVYVEGDQL,I,
YMNSVIQQL,I,
SLLYNVPAV,I,
EESKDYLSL,I,
AEMIQKGEQL,I,
AEQLGTFTTL,I,
FLALLAGAHA,I,
TVGTPIASV,I,
FAQDVGRMF,I,
ALTEVYAKA,I,
SEANALELL,I,
GLDPRLLQAV,I,
AEFCESRQL,I,
RQDENTPSV,I,
RELFPKLEL,I,
KELDSKTIRAQL,I,
GAYDHSYVEL,I,
FGLARAFGV,I,
KLTAFVNTL,I,
RLFPKGFSV,I,
FSTLGRVL,I,
KLPEPQSFSSA,I,
LLPHPGLQV,I,
AEQQAALLL,I,
MEKEVAQSL,I,
HLDDINFDV,I,
HECASINRI,I,
GESGIKVAVL,I,
GEINDNLMEL,I,
YSQTAKEL,I,
ILMHHPPQV,I,
QEDIHNLQL,I,
GEGADQTLL,I,
KEAHDIETRL,I,
KEITEKTRVAL,I,
SVFQNPTDV,I,
SEILQANQL,I,
LLGKVYVV,I,
RQLEKLKEV,I,
AESAETRIATL,I,
LASPESLEL,I,
SELIRNVTL,I,
HEARPLAEL,I,
RLQEREHSV,I,
KMDEVLYSIA,I,
WEYDESHVI,I,
KEQSNPSMVL,I,
FFTSVSRP,I,
YAIFKSQDF,I,
REEERLNIL,I,
AQMGHTKIL,I,
SEHSTGITHL,I,
TESDTAARL,I,
KLLPGDLTQV,I,
VLFEGRTVQL,I,
LEKEETEEL,I,
IVVDNVPQV,I,
SLFQGSVPPVM,I,
MEQVPHIAL,I,
KEHTPDIVKL,I,
QEMMDAQLRL,I,
AEESQIRIEL,I,
TAISRYMEL,I,
KQGPVATGV,I,
NMVGMLHQV,I,
MEMYQPSAVVL,I,
SISHESPAV,I,
REEVGNISIL,I,
KELEALIQNL,I,
LEFKGKEIL,I,
ILSDNLRQV,I,
KILDLETEL,I,
KMGNFPWQV,I,
AEFVGGVLV,I,
KEVHIEKNDAETL,I,
KLQEEVKDLRA,I,
LADQPHLL,I,
IEENLRNTEL,I,
EEIGAEMAL,I,
SEMRYGIEIL,I,
KLFDQANKL,I,
REDEARLL,I,
REVCDEVKAHLL,I,
YGYEHILTL,I,
REVVKPAAVL,I,
LEHIKTHEL,I,
IAQTGSGKTL,I,
NIDEAYKIL,I,
AVTKIIAKV,I,
ILSPTVVSI,I,
VEAAHSEIL,I,
GTMSNPVTV,I,
RMYDVTPPGV,I,
KEEMGIGGVLGL,I,
KEVESFQQLL,I,
QEIEDWSKL,I,
VLFEHAVGYA,I,
HIADVTHFV,I,
AILGETSTV,I,
SLLDADIHSA,I,
SEGSGGTQL,I,
REHPNYVDCYL,I,
SLHPDLIYNV,I,
CEIKEKTVL,I,
EEMAALGKEEL,I,
QVADIDGQYA,I,
AESNPAGFL,I,
ILLPGGPGL,I,
TEINSALVL,I,
METLILKEL,I,
REEFFSPDSL,I,
REMEALQSLRL,I,
HEVGRTEPEL,I,
ALLEDLEKQRA,I,
IEGGVPSNEIL,I,
RLISETTSV,I,
VEADPTAVGPVL,I,
SLFRWRHQA,I,
KIMEVDYSV,I,
AEWKATKL,I,
ALIGMSPQV,I,
LMAEMGVHSV,I,
KEIKAQQDKL,I,
GEWRSEEQL,I,
RESKTIML,I,
AEEPTNRTTL,I,
SELDKKEKI,I,
GEYAELYRL,I,
KEFGADCKYK,I,
KEAEQSNKL,I,
GEFSDKLLSL,I,
LESPTVSTL,I,
SESQERNLL,I,
SEVDPKLVSNL,I,
GETDLSKAL,I,
REYLSKVDKL,I,
HETSSVFVDSL,I,
AEYDNFFQHL,I,
GLGEGFQTV,I,
AELQTDIHEL,I,
REYEDNDEV,I,
GELQESQSRL,I,
GETDPLLIAM,I,
KLYEDNQTSRM,I,
KEAEGAEWL,I,
FLYTGEGDTV,I,
NEMFPSAIL,I,
YAHSGEHHL,I,
RLFEGNALL,I,
REKEAAYQERL,I,
HEDDEQSKL,I,
GLLGAGGTVSV,I,
METDVKSLI,I,
YLEEPLTQV,I,
AMVPHYGGINRV,I,
EEVREHVKL,I,
KEFGGGHIKDEL,I,
REAAEAGAEARL,I,
KAISSIHSL,I,
ALYYNPHLL,I,
AEVENEELRHL,I,
AELHSQNTL,I,
GESLSSELQQL,I,
KLSGKLYLV,I,
QELDIKKNERL,I,
SAYQGSQAV,I,
QEFRQPSSL,I,
RLLDLRKEIRA,I,
EEFLDKNDHSL,I,
SEDDTVLDL,I,
FLADPSAFV,I,
GEYSGIEHVI,I,
GLLNRPNPLL,I,
AEMETFRDIL,I,
KINDTIYEV,I,
SEETSSPPRL,I,
EFKRAVKV,I,
KEVAPQVSLL,I,
HEQLGTQAL,I,
RAIDFSPYL,I,
VEFIEDTGL,I,
NLLEIAPHL,I,
AELGIRHVL,I,
FLTKQEILL,I,
LAVDPNRAVPL,I,
VLFENTDSVHL,I,
LLNKAPEYL,I,
FLDDGNQML,I,
KEDRAAQSL,I,
GEQDLIEDL,I,
KVFGLENEL,I,
HLINFSETL,I,
REWPESVSL,I,
SETEGTLIL,I,
QEAESKSEL,I,
KALETNTHV,I,
KLSKYLQGV,I,
GEEHTVTHL,I,
SVTSEGIKAV,I,
AEIGRNYSM,I,
AEIQPQTQVTL,I,
STGDVNVE,I,
SELPSPPAL,I,
KITTVIQHV,I,
KLVINTEEV,I,
GLIDHQTYL,I,
GETFQNSVF,I,
GEKNIAIEFL,I,
KEVDSKSQVI,I,
KENDAVTIQVL,I,
AEESAFSTVL,I,
KEVDIEGTTVI,I,
REMLQQSKI,I,
GEISSSDEITM,I,
SEEGAGNATL,I,
SEVMSKEEIL,I,
AAAAKVPEV,I,
KELEFSKDKIL,I,
KLLETIDQL,I,
HLINQQIAV,I,
QETIGQIEL,I,
QESELHSYL,I,
TEIGTMISV,I,
AEVTPLLNL,I,
GELESHADRL,I,
VLFPESPARA,I,
ALIDGKNFSA,I,
SEMSEEKRAKL,I,
AEALVGQVL,I,
LLAEQGYEV,I,
ADPHSKRVF,I,
VSILPGQTL,I,
SQYSGQLHEV,I,
SLVSPASFENV,I,
REIEELTQENGTL,I,
KEVDEKSSL,I,
STDSTLLNV,I,
REFGAGPLFNQI,I,
MILDEVHTI,I,
RQADVEYEL,I,
RETGNINTSLL,I,
SENGHVIKL,I,
HEFHPESHL,I,
HEKGGPDAL,I,
SLHSSMVGA,I,
SLLPTEQPRL,I,
LAAHLGSAL,I,
RELELKVQEL,I,
ALYDEVRTV,I,
GLDPQGDRSFL,I,
ALFEAAREV,I,
GMYVFLHAV,I,
FEGPKHEVL,I,
VLMQDSRLYL,I,
RESETTKGAYSL,I,
AELQAQEGL,I,
RLWKAIHTA,I,
ITDFQFKEL,I,
HLTDTSHGV,I,
TLDDLIAAV,I,
SLIDGIKRA,I,
FLNDNAVEI,I,
GLYPNLIQV,I,
SESANQVFL,I,
AGYSGQNSM,I,
KTYDKTVAL,I,
TGRVLVVLV,I,
EEIDENFKAL,I,
KLLTEISSA,I,
KLAPIPVEL,I,
HALEIRSSE,I,
HESQLSVEL,I,
AELKQVQTL,I,
TEEEVSERVTL,I,
KLPDGTWNL,I,
KLFPKGTIFTA,I,
HEVKEAQTL,I,
GEAPDGPASAYL,I,
SEEQGRNLEL,I,
AEAGQGDVSI,I,
HEAGVHSVGL,I,
SEHQAIVQHL,I,
NLYGTSIQSV,I,
TETIDTSRVSL,I,
RETRQEYAL,I,
REQTHTRHYEL,I,
AESGVERQVLL,I,
TIVEMLHKA,I,
KEAQKGPLL,I,
SALSGHLETV,I,
TEVQKNQVL,I,
GEFDYSGSQAI,I,
FEEKSGVAV,I,
VEVQGPDWHL,I,
KMTEVMMNT,I,
ALFSGDALSV,I,
KVSDYEMKL,I,
RVDKNAPTV,I,
KEVWQQEEFL,I,
YEEGINIHLA,I,
FMHGKIPTL,I,
AESISLLEL,I,
AEIGSTEI,I,
KLGASPLHV,I,
AAAESSTSL,I,
HLGVKVFSV,I,
REFRAPTL,I,
RLKQEIERL,I,
SEFGIRNGSRL,I,
QQLDSKFLEQV,I,
RTLDFDPLL,I,
QELNSENERL,I,
SEFREDMPSI,I,
GESDSQHHL,I,
GEHAGRIYL,I,
AAWEPSKNTL,I,
ILDSRGNPTV,I,
SVENYTLTI,I,
GELELEPNSKL,I,
GGGLGSGGSIRSS,I,
GEYGDQNSRL,I,
FEWENKVTV,I,
HETVATGEGL,I,
SADHLAHEV,I,
KLAQIEGV,I,
EGEAVPVAI,I,
RLKEEGNEQF,I,
KLFEDELTL,I,
SILEKQASV,I,
AMFTGELAES,I,
KEAWTTTEQL,I,
AEEAASVL,I,
TAMDAQEAL,I,
RLVGQLKRV,I,
KMPCQLHQV,I,
REIQTAVR,I,
AEMETQKEKI,I,
AEANIKIADF,I,
VEEPLGSGPSVL,I,
KLLSNSQTL,I,
EEVGNISIL,I,
SLVDLVHYT,I,
KEVNETYKL,I,
QEWDGKESTI,I,
HEWEESNVQIL,I,
ALLSRPALTL,I,
GEAKASGNLGNTL,I,
AEQRVTAGEAL,I,
SLMEKISKL,I,
VIADGGIQNV,I,
GEIDIQGQQSL,I,
KISVIVETV,I,
FVAPPTAAV,I,
RIWEPTYTI,I,
VEFPSSPQL,I,
AEWAAANHVL,I,
SEYSQSPKM,I,
KMDENEFVAV,I,
ALDKKGYEA,I,
AEENLIPDSL,I,
ALSSLIHAL,I,
GLMGAGIAQV,I,
REQKAQEL,I,
KLFQGQLVL,I,
LLGPNGPAV,I,
GEFQIVNPHLL,I,
AQAELQQHDV,I,
GEEDGRDQSRL,I,
GLGPGLISV,I,
REEDTSNTTF,I,
ELDEHISYV,I,
SEIEDHNRQL,I,
SVMDKQYEI,I,
ILDRLTTKV,I,
FLDESRSTQYM,I,
GLITPGGFSSV,I,
REFTMAEIEHF,I,
ALCEENMRGV,I,
ALWDIETGQQTTT,I,
SMTNFISGL,I,
GEHTPSALAIM,I,
KAYGASKTF,I,
AEMGARHGL,I,
YETALSGKEAL,I,
NEFGEGSAL,I,
IETGQHNTL,I,
VLFTGVKEV,I,
RLYGKKIQL,I,
TSHSGSLAL,I,
ALLKGLAAV,I,
QEGGGLYAL,I,
KVISALAEV,I,
GEMQKQAQL,I,
FQDENHLYL,I,
KEILQKELSQL,I,
FMATIAEGL,I,
YLMPLNTSI,I,
QLQDTLIHL,I,
AEEPAGVYL,I,
AEKGHVEVL,I,
AELINIHHL,I,
NAVSVHSNL,I,
TEYMQSVEL,I,
KLSDVFGSV,I,
ALVGVVKEA,I,
QLFSQQHFL,I,
ESDEGKLHVL,I,
FQHVGQTL,I,
KLLGGQIGL,I,
REMPSEEGTL,I,
QEEGLHAGTML,I,
KETEGDVTSV,I,
REMTILGSAVL,I,
GESVKVHQL,I,
ALFVKTKEV,I,
AMCARPHKV,I,
SLVDSLDEA,I,
SLSADVPKV,I,
AEDIKSGKL,I,
RESHTPVSI,I,
GEKQINQEYL,I,
KESNTTKGEL,I,
GLWEEAYRV,I,
GEVAPSMFL,I,
YEILTPNSI,I,
RLLDYVATV,I,
RLSSQIEKL,I,
EEFFSPDSL,I,
GTDSHITMV,I,
RESSEQESL,I,
TEAGSPTIML,I,
TLFPKDVQL,I,
SEFVHIVAI,I,
KESADGLQGETQL,I,
AAAGQIHHV,I,
KILKELQKV,I,
RIFDRAVAA,I,
REQPSEGATEL,I,
SELQSKVEFL,I,
YQIAEQFRV,I,
YIFTTPKSV,I,
AEQMGNELERL,I,
YEQLSSEAL,I,
AEVEIPGEFL,I,
SEIEVTPSVL,I,
KEAEIIKQL,I,
SEEEIMTQL,I,
AEYHRRIDAL,I,
KQGPTGIHV,I,
IEDFPAKEL,I,
REKEMLERL,I,
GEYSKVLAI,I,
KIAEAVTLI,I,
ALFGGPVGA,I,
RLFPGRVSV,I,
VLGQHSHVV,I,
MEDFTFNDL,I,
REIEATNAV,I,
IEESIDRVYSL,I,
ILQEAQNLM,I,
HLFNVAHTL,I,
KEVVPLPQQVL,I,
HLLEEPIYL,I,
GESQVDHSTI,I,
SESGSSSSL,I,
SEEDPNPLL,I,
RLLDSEIKIM,I,
GLAYINHLV,I,
YEEDAHITF,I,
AEDVPVRIAL,I,
WEESNVQIL,I,
KTIEDTLMTV,I,
AEHGGGMDSL,I,
VEIEKDAQL,I,
RESLVVNYEDL,I,
SEYLPEVKDLL,I,
KEAEDNIREML,I,
SEEKGLSGL,I,
KTVQDLTSV,I,
RLSGVFAGV,I,
ALMDKEGLTAL,I,
FLNKEITSV,I,
GLLQQPPALG,I,
AEIAESVQAF,I,
GLDHYVYKV,I,
AELKGFEV,I,
ALFLGGNEV,I,
SMDEINKQL,I,
KESEDAVKAL,I,
KEIIEQGIDL,I,
TEITHAVVI,I,
SEQEEPIEL,I,
AELEAEELEKL,I,
GLFAGPCKV,I,
QEYVANLL,I,
KEAQDIILQL,I,
QELLSDTKL,I,
HESPALILL,I,
SEHLPARDSPSL,I,
AEAENKAAAL,I,
FLFGEVHKA,I,
GSIANFTNV,I,
TEIEQFAETL,I,
GEERRGAREAL,I,
YAHAGATL,I,
GELREQLKAL,I,
HELFVPENKL,I,
WEKQESIVL,I,
FASELSRSL,I,
KEIGREIQQL,I,
REEDQRLINL,I,
EEGHSPVL,I,
SMLSGSDLMKA,I,
KESTITRKL,I,
METEHQALL,I,
FGPDSGGRVK,I,
AMFNGGMATT,I,
GEHLPNTYVDL,I,
SMMGHAEQL,I,
HLLSTVTSI,I,
LQVVHSRQL,I,
FLSEHPNVTL,I,
LAVHPSGVAL,I,
RELSTLRNL,I,
SLSSVLSHV,I,
YEVIDTQTKL,I,
QAISAIQAL,I,
GLALLYSGV,I,
SESHKMIDL,I,
QAPALSPSL,I,
LEKYIIEEL,I,
GEMRDLFEKL,I,
SEVMTPRIEL,I,
RLWNETVEL,I,
SLANETHQL,I,
FVEVGRVA,I,
KEYQEKIDVL,I,
GLDNETHFL,I,
IEWRDRRITL,I,
VMQDPEFLQSV,I,
VLEKNLIKV,I,
GELDQLKEHL,I,
GEVPVEGNLL,I,
AQFPESFTV,I,
LAFVSPSL,I,
FAVDNVGNRTL,I,
ALEAYVQSV,I,
REQQAGKDVTL,I,
RESGHYVEM,I,
LEDKKITVL,I,
LLAEKIYKI,I,
LAFSGDRAL,I,
AEENGLEVL,I,
GGGFGGGSRGF,I,
AIIDHIFAS,I,
GETKIIYHL,I,
SLIDGYYRL,I,
AEDYNSSNAL,I,
VVYDDSTGLIRL,I,
IMSELVSNGV,I,
LEHLTNEAL,I,
KELEVTNDII,I,
SEAQAIKADL,I,
TLAETLVNL,I,
KELEKIKQEL,I,
ALDESHNQNL,I,
SEDPNTNVAL,I,
VVIEPISEL,I,
RVIDDSLVVGV,I,
SQMSPGDLAKV,I,
KESGPSGIETEL,I,
LLYGSIPKA,I,
YAEDRERFF,I,
ALYEKDNTYL,I,
YEIDMKQYTL,I,
GLIQGVKSV,I,
AENFVPPLL,I,
FAEQKFRKL,I,
KEEPLAVSKL,I,
RLYGEDTVV,I,
QEVEGMNIL,I,
FLDGHDLQL,I,
AAGPAVLEL,I,
GEFSEAREDM,I,
WTAELGIRHV,I,
AAAPPSPPFSF,I,
REDIRELIL,I,
VLPHVPLGV,I,
LESKTYHAL,I,
AAMREFRVL,I,
KLIDTIPDDKL,I,
GEILPFPESQL,I,
KLLDMELEMA,I,
ALMAQEQKL,I,
TMIVSLAAV,I,
KMSFVEKV,I,
AEAIIHGLSSL,I,
KEFAGKGLTF,I,
AEAEVKEKTELL,I,
RLQEKTSKL,I,
LTAPALALA,I,
IEDPSQEDL,I,
GLYERPTAA,I,
SERNSTEAL,I,
KLLDEDEIRGYKL,I,
KEVATVTKL,I,
AETSIDNREEL,I,
RLAELEEFI,I,
AETKQLTEM,I,
SIGGTLYEV,I,
ALLDKDQAV,I,
KLFRFDAEV,I,
AMLTVLHEI,I,
GEVLEPANLL,I,
AELKIDNQRQQL,I,
AEGNHTSEL,I,
KEFSMTDIDL,I,
KMTVAIVKA,I,
QAVTPITSF,I,
REEKTAYQL,I,
RESTKISSL,I,
GLLSRLGAA,I,
TLWYRSPEV,I,
ISPDVFTHV,I,
FAQAPQLSV,I,
GETEVQQFL,I,
TLFNVIKSV,I,
AEQPICKEVL,I,
AENEFNETL,I,
LLEPFIHQV,I,
LAQVSGLEM,I,
VMMEEFVQL,I,
YSTDENLIL,I,
YMPANGETV,I,
ALNGHVEMV,I,
AVADNVERA,I,
ILANDGVLLAA,I,
RLMTAQNLV,I,
ILQDYTHEF,I,
NLIGKIENV,I,
FQEGGEKHL,I,
KENESQANL,I,
AEQASILSL,I,
KEIQTTTGNQQVL,I,
AEKESLTFL,I,
NEVGPDAASL,I,
RETERIYSL,I,
KLGPAPKT,I,
TMSSSIKTV,I,
NLYNHPQLI,I,
QVFQKPHEV,I,
KVIAQQVQL,I,
SVLSGPPAVA,I,
LASPVSPEL,I,
KEEEEKKAQL,I,
KEAGIEITF,I,
AEDGPGAGDHAL,I,
AELEQERPGVVL,I,
GETAFAFHL,I,
SVMNSVVSL,I,
KEIERFQEI,I,
VLYDEIKKYV,I,
YEARGEDEL,I,
LLDIAPHAI,I,
FEFPNKVVL,I,
GEELQMEPV,I,
KELSSSLHQKL,I,
VEFSEKELSAL,I,
REVQTGWEDL,I,
RELPGHTG,I,
VMQDIVYKL,I,
KLESVNAEL,I,
AELIDEEAL,I,
AEINKLNEL,I,
YLPTKLFQA,I,
SLAAESKTV,I,
RESQTHKPQTL,I,
ALFSQDISV,I,
YEHQDGSKSL,I,
GEDSSFLVV,I,
KEIAKLITL,I,
FVYENPISL,I,
IIIPNPAAL,I,
GEKEAFREDL,I,
RLGDVVRVV,I,
FLFERKSIV,I,
KEIETTGTYQL,I,
KEDKPVTGP,I,
KSLSVVTEV,I,
SLLHTIYEV,I,
SESHVHSLL,I,
KVLDVSDLESV,I,
AEVLPSHKV,I,
KEFETAETLL,I,
YENAEKLYL,I,
AEDYTESLL,I,
SLLEKQQEV,I,
GESFLDRSVL,I,
HLQAEVKQV,I,
GESQQLIIKL,I,
ALLGGETAEM,I,
IEEQIKKKL,I,
RLHCKIDKV,I,
SEYLRYEDTL,I,
TEVLEGNPTVL,I,
KELGGESNFGDAL,I,
AMLEKNYKL,I,
AVMDTLVSV,I,
AELQSGFVKL,I,
KVSGVILSV,I,
KMMENLTTLDL,I,
KLNSPTLSV,I,
IELDGKTIKL,I,
GMDSRPPMA,I,
LEHDPQYAVIL,I,
REFMANTESY,I,
AEISSPAVERL,I,
AVIEHTNRV,I,
KEVFIRELI,I,
SSSGLNSEKVA,I,
RLLPDLDEV,I,
KLFPDTPLAL,I,
RLAGEGATVAA,I,
TEDITRYFL,I,
REAEKVLHYL,I,
FLDPNARPLV,I,
TLHQRIHRV,I,
RLDQNVNEA,I,
AEAGPLASV,I,
LEMEGRQVL,I,
GEDWLSHPL,I,
SAIPTLQQL,I,
GEFDKDRDSI,I,
MEEKFHNEL,I,
EFYKHIVL,I,
FLLPTLRKV,I,
AEATAASTSRSL,I,
KLDEAFEFV,I,
KIIDLLPKV,I,
VMLEHDPQYA,I,
ALSTSSEPA,I,
ALLHPQGFEV,I,
TEEYPSVSTL,I,
SQMPTVIYV,I,
QLIDLDHKL,I,
RENFFPVTV,I,
ILSEFSSKL,I,
GLIDVKPLGV,I,
RELFTIEDL,I,
KETEEITSL,I,
AEVGISDYGDKL,I,
KLEEKEHLL,I,
SLADFMQEV,I,
RLLEQLQEI,I,
HEMKGQTAI,I,
LLAELPASVHA,I,
AMMGGPSKL,I,
IITKDLFQV,I,
ILYDKLEKI,I,
EEVSSGITAL,I,
SMIDCSMVQV,I,
RLDDSLLYL,I,
LAYLQRIAL,I,
ALASVIMGL,I,
REQNEKYYL,I,
KELDPDSSM,I,
VEEQSSTML,I,
KELESARPQLL,I,
VTAQKPTAV,I,
TLMEYLIKT,I,
ILLEGTMNL,I,
HEEDHTLGNSL,I,
AELQTDINEL,I,
FISEIIHQL,I,
AAAVALSSL,I,
REHLGHESDNL,I,
MLSESSSFL,I,
EELSSLKEEL,I,
AEERVLLTGL,I,
KLIGDPNLEFV,I,
SLAGQTYAV,I,
AAARGGLSL,I,
YAKNGQDL,I,
SVWTKVEGV,I,
KLIKSLEAA,I,
REEDEETQL,I,
LMGPVVHEV,I,
QELNAHNQEL,I,
ALWTGMHTI,I,
NLHSEVVEV,I,
KVLNELYSV,I,
KEESAAKAEL,I,
FLNDPGHLL,I,
KEKLIQEGKL,I,
MEINNEEKL,I,
KLYTGLEYDL,I,
VESEHQVKI,I,
MEEDGSTVL,I,
GLVDQLVKA,I,
TVYQGHTAL,I,
AEAKPPTVTM,I,
GELQAPDLEL,I,
FLTGVTTEL,I,
AENDAQKPSL,I,
KLADISINYV,I,
KLLETPSTL,I,
YLAPFLRNV,I,
KLQNELDNV,I,
SELKKEVTL,I,
SEDHAWVVF,I,
FLDNSLDTV,I,
TIFAGTLITA,I,
KEEDYHTAL,I,
AELPGSSSPLL,I,
RIYSRIDRLEA,I,
AVGLAVLNV,I,
SLFERLVKV,I,
TAQSPGMNL,I,
AEVQELHSEL,I,
AESLGGFESL,I,
RLFSVPHVV,I,
VEFGGGAELL,I,
GQFQGRPVSV,I,
HLSNMEVQV,I,
KEVHDQLLQL,I,
QEIDPVMQSL,I,
REFFDSNGNFL,I,
ILPDDLPEL,I,
RITNAITKV,I,
KEVLVSSML,I,
RENQQHYGDLL,I,
AEMRPFIEI,I,
YENYEQIKL,I,
RTWENIQHV,I,
KVDASETTV,I,
ILDNNPLQV,I,
YSAPVIHVL,I,
ATIGDVKGDEV,I,
ILWEEQNQV,I,
QVVGGIYGV,I,
YLDPSLNSL,I,
VLQGKLAEV,I,
AEVKLLRKENEAL,I,
KEIGENVHI,I,
YENDVLEQL,I,
KLFKAPAYI,I,
GMFAGQLTKV,I,
GEEKLAANTL,I,
REITGINDTQIL,I,
REAKEGDCGDIL,I,
RTMEWVQTI,I,
GMNDMNHEV,I,
TESYEQEKYTL,I,
REVSTGTTI,I,
LLQNNLPAV,I,
SLFSDPRSTRL,I,
GETTTQGLDGL,I,
YALPKSLSV,I,
REASLGEASKL,I,
VVRKPAQSRLDDD,I,
KENAGEDPGLA,I,
AAASAFTSL,I,
ILDKFTEEV,I,
SLAEFISERV,I,
KVAEFFQGV,I,
LNPHEALA,I,
VEHQAKAGSDKL,I,
REEAARTQQLL,I,
SEAQPARQIL,I,
AEEEGVSGASL,I,
HEDSTSKEL,I,
ILADNIPEL,I,
AMEKSVPAI,I,
VEDGTSSVTVL,I,
KEEEAVTIEM,I,
KESQVNFQEGQL,I,
NLMNNPQIQQL,I,
FILESQHTL,I,
FILPKEIAV,I,
AEELYKEIL,I,
KLISTEVNPKL,I,
GEVTDFLRL,I,
ALQTEPKAV,I,
TLHSVDQYL,I,
VLLGGVASL,I,
RQDQIQQVV,I,
KIIDEDGLLNL,I,
AAVAHAQSL,I,
ADPHSKRV,I,
SLLPEGPPAIAN,I,
SGAGRPLPL,I,
YSHDGSNSL,I,
AEMTDIKPIL,I,
AEEIPNPSNKL,I,
RIAPRPYRL,I,
IESKHEVTIL,I,
TESQTLREIL,I,
FEAISPDVL,I,
ALYSKGILL,I,
FSQGGALSL,I,
FVWSGTAEA,I,
MAIVGGMAL,I,
TEMMRNVEL,I,
KEVEVKQQL,I,
FVEEYLKEV,I,
FTLSHITQL,I,
AEMQPYVQM,I,
KEATSTGKL,I,
KEICNAYTEL,I,
GLGPGLLGV,I,
ALSDLEITL,I,
REYEKQVVL,I,
SEGTVSDKSATPV,I,
LLGRVYDV,I,
ALDEYTSEL,I,
GEWDSGTENRL,I,
HLYETVPVV,I,
SLSDKTPSV,I,
GETTTQGL,I,
REKDTEYQL,I,
GELGAIDPGRL,I,
REKEELVLL,I,
SSSKGSLGGGFSSG,I,
GEQAQVVII,I,
GELEKENHQL,I,
YESRTETDL,I,
FASPTSPPVL,I,
REDAARAIAGV,I,
GLYSRQLYV,I,
RLSPYLEDV,I,
SESVASSQL,I,
AEDASKFEL,I,
QLANEEIAQV,I,
GLHNFIDGL,I,
SLLDFERSL,I,
GLSQVAVTV,I,
QLIPAVPGI,I,
ALVDMVNDGV,I,
SEHQFNIDSM,I,
KEEEQAGKNKL,I,
HLMPTRYSV,I,
TENKGIHEL,I,
AEASLERAQNL,I,
AEAECQRQQL,I,
GQLPNLQTV,I,
SEVETKYQHL,I,
YAKRPGIGL,I,
KEADEMHTL,I,
RLIDHLENT,I,
VAGGGGGFG,I,
SEVKVVAVI,I,
GQVERFETV,I,
KEDGSKQVSV,I,
LEQKIQQEL,I,
SENFRVIAL,I,
REVSEDRRQDLL,I,
REERHQEYL,I,
FEEAAAQLL,I,
KEEDSHTTL,I,
RLEEVTGKLQV,I,
KLVELDATGV,I,
REFRSQGTL,I,
KESGIQFSEL,I,
REVSTGTTIM,I,
LQKSTKEV,I,
ALQEASEAYL,I,
YAAADSSSL,I,
LLFDWSGTGRA,I,
HEMIESGVINL,I,
AEKGEQGQYL,I,
RVLGPKIEAV,I,
SLDRFENQV,I,
AQWDIGIAHA,I,
GEFHEETGL,I,
RLQKEIVEV,I,
NLIENVQRL,I,
RLFHKTVYL,I,
NLETTGGHSV,I,
KESFSTNML,I,
ALLEQVNAL,I,
QEQQENPRL,I,
FTADPLSL,I,
SLDGSTSSV,I,
HLNGHIKQV,I,
RIDHYVVEV,I,
KENLELNGSIL,I,
AEDNAHNEIL,I,
AIMDIVIKV,I,
ILIGKENLL,I,
YAISPGLDI,I,
AEALPGGLRTL,I,
SEFNQSEKI,I,
QENETHSQL,I,
GLLNNIAEV,I,
SLQDPPGELAV,I,
RLFEVPHEL,I,
TVIDYFHQL,I,
RLLDYVVNI,I,
TAVPYFSNL,I,
GEQHHQVDL,I,
KVAPAGVFGV,I,
FSYLNPQEL,I,
KESALLNKL,I,
KLLRKIFKA,I,
RERLGEIHTL,I,
LMDPNSPERV,I,
SLLMSIHNI,I,
TLQHAEIFL,I,
ELNGHHTL,I,
FADELSHLL,I,
KELERLTSL,I,
FLNSEIHQV,I,
SEISQVFEI,I,
GELDGIDVL,I,
GQWASVIRV,I,
TEQLDTYIL,I,
FIEEAYKKL,I,
MLQDVYHVV,I,
LLFDEYHKL,I,
VLNSHTQDV,I,
KEVVHTVSL,I,
ALVGGQPPAL,I,
FGYDYPSVL,I,
YEEAMKEVL,I,
SEVAPSFGTLL,I,
RLLDAENKV,I,
SLLDGVVEKL,I,
KEFIEKEAKL,I,
KETYLGPNEVL,I,
YMGQSIHQV,I,
SAQGSDVSLTACKV,I,
FEFGSLDQKL,I,
AAVVAATAL,I,
GLVVVNHYL,I,
SVIQNLRTV,I,
GLAPHLEQI,I,
LMQDSRLYL,I,
MLIDGTNEV,I,
REIQLEISGKERL,I,
YEAQDPEIASL,I,
LLDPHTEKL,I,
LLDPASGDLVI,I,
ILNPVNTNL,I,
GEMAAEKL,I,
REAQDAQKQGNSL,I,
RLLDSLRAL,I,
VLLEQEKTFFT,I,
KLAPNLTEL,I,
GLAQKVDPA,I,
AESVLGTLL,I,
FGNPGEKL,I,
GEGNFDVDKL,I,
IVDPFSSKHNV,I,
AVWAKGIRNV,I,
AAYLRALSL,I,
QEAPPLGSL,I,
YMAPEVLTV,I,
AEVQDNYKEL,I,
KENHCPTML,I,
YLGKTVQV,I,
SEEQWTKAL,I,
GEEASNLQNKL,I,
TAYPQVVVV,I,
YEFGESDLR,I,
LEFEDTEENKL,I,
RESGKVFHL,I,
MLQPYMPTV,I,
KLSENTVIVGV,I,
SELSEANAL,I,
IENGGVAVL,I,
QLLTGSPEL,I,
HESLVHHIL,I,
KILSELFTV,I,
SLMTKEISSV,I,
SEWDGIVTV,I,
AEMDARTILL,I,
ALWDIETGQQT,I,
TLAGHTKAV,I,
SEYMNNKEAL,I,
EEENRGIVVL,I,
FTIETEGKTF,I,
KIFTEDLPEV,I,
HLYGQNVTM,I,
KLQEALKTI,I,
YLFTSPQRV,I,
VEDPYTSFVKL,I,
KEYFGIVSV,I,
RLFESSQYL,I,
AEADGAAWVL,I,
KVIKTLTEI,I,
PTHVNEEKL,I,
REVDIGIPDATGRL,I,
HEDYCGARTEL,I,
KEGDFTLSL,I,
YEIQHGDLKL,I,
RVTFVNFTV,I,
SIMDKVTTV,I,
HEEGLESHL,I,
SELRNQYVTL,I,
KLLETKPEFL,I,
FLDLGPPGI,I,
RLLGNTFVAL,I,
GLSVIIPHV,I,
YELKEKDVL,I,
QLAGFSHQI,I,
MIVDPPKKAL,I,
QLLPNLRAV,I,
KLWSPDEEV,I,
ILDSGIYRI,I,
GEFSSVGEEF,I,
RLWVGTGNGV,I,
RLLAELPASV,I,
KLLPGIEVL,I,
KEKNLFEEEL,I,
SESYYKETL,I,
HLDDQNSEV,I,
HVLEPLSSL,I,
KVAPPAVLNDI,I,
AMPALAPPEV,I,
MMLEPDPKLRA,I,
QLLSYIDRL,I,
TEIDDGEVL,I,
ALIKPDAISKA,I,
TLHSRFLEGV,I,
ILQDRLNQV,I,
ALAAALAHI,I,
QEVEDGKQKL,I,
GEAPGGGLFL,I,
NETQQIISL,I,
FLEDGTSQV,I,
RLSPKPVRV,I,
AELLEKGLSSM,I,
ALWEGPSKA,I,
KLLDEAIQAV,I,
KLDDYVYYV,I,
AMEQSIKSV,I,
SEHPLQIEL,I,
TFDHPELVKL,I,
REQSTDSGL,I,
AEHGETLAM,I,
MLNEHDFEV,I,
AAQAPRLAL,I,
KLAESKVSV,I,
YEIDDRDVNKI,I,
GEFGYDKDTSL,I,
YLIEPDVEL,I,
RLFDEKYKPVVL,I,
QEGPKQEAL,I,
KLTEEDYEL,I,
REYFNSSTNL,I,
RLFDRGDFYTA,I,
GETLDIQSL,I,
AEDKSREDQL,I,
KLGVFSEMEA,I,
VEIAVPENL,I,
SEFYERNLSL,I,
KEPSVVPIEVL,I,
AEDGEKKIKL,I,
SEGKVFINI,I,
SEWKAGKGRVL,I,
GEHDYRHDI,I,
YLDPALELGPRNV,I,
GESESNAKV,I,
RTYDGKVRV,I,
VEEPTVLVL,I,
HESKENFAL,I,
AETRIATLL,I,
RELQGETKL,I,
HEKVELTAL,I,
YAFPRVRII,I,
KLQEKVELL,I,
AELEAELEKL,I,
HEAQEKNEKL,I,
SLTSEIHFL,I,
AIDPHLLLSV,I,
IIDEKKYYL,I,
FADFERHFL,I,
TEHHNGIAEL,I,
LLDSPYARV,I,
HEAMEQQTI,I,
LESISPALL,I,
SQDENYHHL,I,
SEQQVDRIIL,I,
KEEKTTNNEL,I,
GETREENKL,I,
VAVDSGSEL,I,
AEEKSIILQL,I,
ALAERQQLI,I,
AEFQKQHENL,I,
HEQLSTQSL,I,
AQQEKQEQV,I,
VALGVGSTL,I,
LEVECATQL,I,
ASTSTTIRSH,I,
FSNPRALYL,I,
REFFDSNGNF,I,
VESPFLKEVL,I,
GEEDTRLKASL,I,
TVYGNPQYL,I,
REAPTSLSQLL,I,
KIWDLKERTNVA,I,
RLLDEQFAV,I,
REGEENEAL,I,
EEFAQSEEL,I,
KEMDNAGQLVFL,I,
YLEEDVYQL,I,
SEEDQAAEL,I,
KELEITKEKL,I,
EEINEQGHEVL,I,
SEVMSKEEI,I,
KEVENHYKL,I,
RLLSHIEKL,I,
QEVQERLNFL,I,
SEIEEQYVL,I,
ELMDYKTFV,I,
KLLDIENKGYL,I,
SLQEGSYLL,I,
IAQEAGHDL,I,
VETPTGYIESL,I,
KLAEIRHEV,I,
KELLIKIQHL,I,
SAAMVFSAL,I,
KEVDDLTAEL,I,
AEYESLRDLL,I,
KMNGYISNA,I,
FQDDDQTRV,I,
REKLAEKKELL,I,
KMFAKELKL,I,
KELLNVGVSSL,I,
GETSVTVGV,I,
GETDLSKALVL,I,
NLFGHVGSTTA,I,
IEDLVNIEM,I,
VLQEEPPLL,I,
KEMEAELNSTM,I,
VESEKSHVL,I,
KEAHLTPYSL,I,
RLLDSVRAI,I,
ALLGLTKTL,I,
ALCDIKQAYT,I,
SEIGEKQDTEL,I,
SEILSQPKSL,I,
RLTQAIQKA,I,
AEEPLSIQSL,I,
GEMECGQEL,I,
ALYEQSLHI,I,
SEITDPESFL,I,
ALLKQIQEA,I,
GLTEALHFV,I,
TLSTVIATV,I,
SEFQSSIENL,I,
ETKMVETAL,I,
GEHHEKAVEL,I,
RLKEELEEA,I,
AEAEVKEKTEL,I,
AVYEGHVSCV,I,
KVWKEQFRV,I,
YVTDVLYRV,I,
SMAEVDAAM,I,
VIMKSSPEV,I,
FEEGSQKEL,I,
LLGNIHAV,I,
KELADESQTL,I,
TEIQNQTDL,I,
TLIDEDVYRL,I,
QEDITKSLL,I,
RLLEEHAKL,I,
TLIHSDLTSV,I,
FLLPHLKDI,I,
FLPQGFPDSV,I,
AEYPMQGEL,I,
AENNHIKDLL,I,
KLLAGFMGV,I,
VEDSALLMQTL,I,
DPETGRTR,I,
SEEAVGGATL,I,
TQAPPSVILGV,I,
KLHDINAQMV,I,
LEHQVFTVL,I,
TEFWEPSTL,I,
QEAWALERL,I,
KLISSAKQV,I,
RENLSDEDKL,I,
ALVPGVTQV,I,
AEHPAGHL,I,
SEAQLRQFTL,I,
KILQGVVVV,I,
YLNDFTHEI,I,
AELRPDSPAHVL,I,
LAFPSPEKL,I,
HEAATKAVL,I,
SLGSGEFTGV,I,
EEFDCAFRL,I,
GEMRVPEEAL,I,
AERREHEREVL,I,
GEAGSDVSL,I,
AEEGHIIPR,I,
ALSEDIRKV,I,
FIFEKKLAQA,I,
REMSGSTSEL,I,
RILGHLSSV,I,
FQDDNNLYL,I,
SESKQTHVHL,I,
TIFGKGIAKV,I,
YQLEIPENFTT,I,
ILLNIEHRI,I,
QLDVTHKEV,I,
SESQSINGL,I,
ALQEESRYL,I,
ALTSLLKTV,I,
REQWANLEQL,I,
IEQEIRILL,I,
VMLDVPIRL,I,
VLLSHPDPLHL,I,
TEVDVIAEQL,I,
LEISGKERL,I,
MMQQDPKSV,I,
KEMNPALGIDCL,I,
KEAPTPKEGTL,I,
AEDLGVSGAL,I,
KEPRFVLRAL,I,
VLAELKEYA,I,
SEPEPGTQEVL,I,
AAFDNFKEV,I,
TEAEAAALEVL,I,
GLDSQFVEV,I,
EEDGTIITL,I,
SELISKSSEIL,I,
SEHCNEGVQL,I,
RMIGQICEV,I,
AEGGSLYNVL,I,
LEAKNTQTL,I,
AEERHQVEI,I,
FAEEPGLVL,I,
AEDKMTSGDVL,I,
RELQDEKAEL,I,
NLHNSYYSV,I,
HLDDSWVTV,I,
RELRVEQESLL,I,
SLSDQTLEV,I,
KEYWNDPEL,I,
VEKLPITSL,I,
KESALDKSDL,I,
KEYEGKWLL,I,
LLWDPSTGKQV,I,
MEMMESQTL,I,
ALEPRKPHGV,I,
AEELIRPERNTL,I,
AELDTTNSL,I,
YLMGERLGV,I,
YADRAKEI,I,
FLSKEIVGV,I,
LLDKVYSSV,I,
YAFPVSNNL,I,
AVCDYTTKV,I,
RLHKELVSA,I,
LEEQGSIAL,I,
WENSDDSRNKL,I,
RELDALDANDEL,I,
RELQAKFEHL,I,
KEMGSQEGTRL,I,
REENPALRKDAL,I,
SEDNVAIEM,I,
YLADVTNAL,I,
AAEERVRTL,I,
KEFSNSNNL,I,
SELSPIREEL,I,
QILDGIHYL,I,
HENGLEQTL,I,
QEACEAYLVGL,I,
KLQDSQNNL,I,
ALAHISGATSV,I,
ALQELTQMV,I,
KVYGNIRAV,I,
AELMQQVNVL,I,
GQHEISFSV,I,
SESNSVESL,I,
SEVMGEPH,I,
SQDEIKQEV,I,
KLFGHLTSA,I,
VEDDIQQLL,I,
VAHLGSQL,I,
REWKEQGSKTFM,I,
KMFESILKA,I,
AEDASGREHL,I,
ILSSISEGL,I,
HLDPTEMEKV,I,
ILDSGATHTT,I,
GEFDPTNYTL,I,
REQEFQAFL,I,
GILPMVPEV,I,
SLFDEVRQI,I,
REQDQSFTAL,I,
QLIDIIHTA,I,
HLLGEGAFAQV,I,
GMMSTVTEV,I,
GEHYSEKL,I,
GEHVTSDGL,I,
GEEQIGFEL,I,
GLFPGSNATF,I,
RLLNFQRQL,I,
KITEYQHEA,I,
GLLPLLHRA,I,
FLFPGTENQEL,I,
AMFAGQLRES,I,
LDGSRLIKV,I,
HEDTHKVHL,I,
TESDERNGSGTL,I,
EEIQLGEEL,I,
LLSPHNPAL,I,
SVLEIEQSMNRV,I,
YMNNDLIGL,I,
TMIGEIAAA,I,
HEIGRMLAL,I,
RMLYMIEQV,I,
SELEHENAQL,I,
YEVKNKKDEL,I,
KFWESPETV,I,
SESGTFLGL,I,
AAVDPGTEL,I,
KEALLAGHLL,I,
KLLKDLPEL,I,
RELEKEAQL,I,
GEEAEAKNEL,I,
IEDSTKQVF,I,
RLHEKGVLL,I,
LLFSAFSRA,I,
KANPNAKAL,I,
KLLQFLDQA,I,
SLMNENREL,I,
SELEGNLQTL,I,
LQVEEVHQL,I,
KEIDISHHV,I,
HEELSGSSTNL,I,
TEDAYTVQQL,I,
SIMQESIRV,I,
QIAGYLYGV,I,
SLIKKIKDV,I,
LLREKVEFL,I,
GVMESVIAL,I,
AEEVMKVKL,I,
YQPYEIPAV,I,
KEISFAYEVL,I,
SESTDLQTTL,I,
SETQPFDTHL,I,
RENFEHIQHI,I,
IEVPAKTTHVL,I,
YLSEEVQAV,I,
LAIASGNGL,I,
SEVPDSVYQHL,I,
KEVDAKTTHGIL,I,
VAVFPKDHSSL,I,
AEYGGHDQIDL,I,
AETDRGNRL,I,
FEFVTDPSI,I,
SLASLPPLHV,I,
MEEVTETFL,I,
SLNGLEVHL,I,
QESNVRLKL,I,
VELKEGSTAQL,I,
AEFQGYNVL,I,
SETDKQAAL,I,
RESQVSILQSL,I,
AMGEEIGAEM,I,
GQSELASRLTL,I,
YQYPVIIHL,I,
YALDGKIYEL,I,
FLLPHPGLQV,I,
QEVPASLL,I,
RETEVGDPAGNEL,I,
LAKSSGSAL,I,
AEYYGPSLF,I,
GEEDTAEKDEL,I,
KLYAIGGQAV,I,
RLPPDFFGV,I,
KEFSQTSNL,I,
HLAPRSSYV,I,
HENGEEGSL,I,
AEIPNIKPDIL,I,
SENPERAAL,I,
AMFESSQNV,I,
ALQNYNNEL,I,
LLIDDKGTIKL,I,
VLWDNGAKNL,I,
FMNDAIEKA,I,
TLLKKVWKV,I,
YEFKGHSLL,I,
SELDVPVEI,I,
KLEERLYSV,I,
KLFPETWTA,I,
YLNDLHEVL,I,
MTDDKITEV,I,
RVFAKPFLA,I,
AELDSKILAL,I,
SELAQNKEEL,I,
RLWNMPENNGL,I,
RLSDFTESL,I,
SEVSAENIL,I,
AEKRDPQEL,I,
RTFEKIEEVSA,I,
ALLRDLNKA,I,
KILEDDKGAFQL,I,
RMYELVHRM,I,
RLLEDKKITV,I,
VLIRRIHKV,I,
REKASTVL,I,
YLLGHDIRI,I,
FESEKEIEL,I,
KEEDLQWVL,I,
KMATADEIVKL,I,
IIMDDEFQL,I,
KEDTFFYSL,I,
REVQVSGTSEV,I,
KLQEKLDEL,I,
RLFEASDPYQV,I,
SVMEVNSGIYRV,I,
GECSKEQML,I,
YMENGMQAV,I,
FAVISRHSL,I,
GIMKKAYEL,I,
KLMDEVIKS,I,
QEAENRNQEL,I,
YEQILNTKL,I,
SVMDQEMRV,I,
VLGNALEGV,I,
REKENIQTL,I,
NLFDISQSAQT,I,
SMNTHLKAV,I,
SLKNRIESV,I,
RLTKDTYRV,I,
RVYEKTHSV,I,
FLTEINSTV,I,
EEYAGQITL,I,
TWSDPHKA,I,
VMAGDIYSV,I,
HLDGENYMM,I,
YEVGDPGQRTLL,I,
GEYVGQEGKPQKL,I,
ALWEKNTHL,I,
STSKWNHLL,I,
ILMEHIHKLKA,I,
SLADTRATSV,I,
FAQEAISVL,I,
TLMKATVLM,I,
GEFSDNIEF,I,
RELGAARSL,I,
KLLEGQVIQL,I,
KEFEKEISA,I,
GLSNLGIKSI,I,
RESELIYVF,I,
KLYEAAVKKV,I,
AELKEKYISL,I,
MESDPGVFTEL,I,
HASGVNSIL,I,
GEDREVNNGL,I,
KIMEAMEKL,I,
AEFLAEHPNVTL,I,
KEYRNALEEL,I,
SEMPAEIVEL,I,
ALLEDLGKASGL,I,
TEKETAEHL,I,
MESSNVEVL,I,
LLFEGEKKITI,I,
AEAPLQYSL,I,
YLVTSIAKA,I,
WLAEKLPTLR,I,
HLSIINEYL,I,
KETSSTGEEAL,I,
EEIASSGTSYL,I,
REAEEKSLL,I,
REDIKEISM,I,
LAEKEHKL,I,
YVVPFVAKV,I,
GEEEVGLSYL,I,
KQLSDTSIIAV,I,
VLYEGIKVGKA,I,
TEYQGMIEI,I,
REQLSSANHSL,I,
AELKTQIEEL,I,
SEYITHEITVL,I,
MAYGSSLAA,I,
REMTKEEKL,I,
KLLPAGHSV,I,
IINEPTAAA,I,
KELEGKINSL,I,
RESEVAELTVL,I,
AYIAHPKL,I,
ELDPEAHTYIL,I,
VLAEELHKV,I,
AEQKYQSTL,I,
IESPEEISL,I,
AQAAYLVGV,I,
KEQAQQAGL,I,
KETEVSSNQL,I,
KEKQAFERL,I,
ALSSSQAEV,I,
ALYDICFRT,I,
LLHEENFSV,I,
QEDSKSLDL,I,
GEILRVIEI,I,
GEQGGQQGHRL,I,
ALAERAQQV,I,
VLADSVHLA,I,
YIYDKDMEII,I,
VADEVQRSM,I,
QLIPALAKV,I,
RLDASENRL,I,
RMDSFLSSV,I,
VTIEDVQKLAA,I,
KEDGGLKGTL,I,
KEATEEQSAL,I,
HLIPETFGV,I,
SELSSAHQL,I,
ALSGSFAAV,I,
TEDRQPNSL,I,
AELPVSPQL,I,
KMFESFIESV,I,
FEEKANIVM,I,
GEDAVVFTI,I,
FQVDHARSL,I,
RLAEAHAKV,I,
SESSTHFATL,I,
REIAQDFKTD,I,
SMYYNGIGV,I,
KLYEQHHVV,I,
YLEDKSYKL,I,
PPVSPGTAL,I,
FLTDSNNIKEV,I,
HLYSSIEHLTT,I,
VESFSDYPPLGR,I,
AESSHYFQSL,I,
QEDAHRIVL,I,
ILDHNTMQV,I,
KELLVKESESL,I,
TEVAADAL,I,
ILYDERSVHKV,I,
FSSRKEQL,I,
RLFRDKIVGA,I,
QESDSINNL,I,
VMNPVIQAV,I,
KILDDSDSNLSV,I,
RTVEKTWKL,I,
MLQDSIHVV,I,
RLLSEDFVSV,I,
QEDWTDSKL,I,
QLIPNVQQL,I,
KEFRGKLAI,I,
SEGDEKSALVL,I,
AMKDHIVRV,I,
SEGSPETLTNL,I,
REIENEDMRVQL,I,
SEKQEFYQL,I,
EEDEHPYEL,I,
AQDFRVLYV,I,
GEDKSSKNLL,I,
KQISTLESV,I,
RTIEKINGV,I,
KETIGYIVL,I,
TEEQSQSFL,I,
ALKDLINEA,I,
SLAPAVFAA,I,
TLIEKVQEA,I,
TEAVEDLTTTL,I,
SENSTSGSTQL,I,
ILLPDNVHYV,I,
GEEKIVTSV,I,
MMQEDIDKV,I,
YLWQDNRAHA,I,
KLQDNLRQL,I,
ALSEMVEYI,I,
RLPGSGAVQAA,I,
FAAASREVL,I,
GEVVSIGQL,I,
RLFGHLNKV,I,
KEHQKAWAL,I,
FALSEAMGL,I,
SANDKVYTV,I,
HLSQNSHEL,I,
GEHTDYNQGL,I,
SEFKTLPETSL,I,
SESGINYEI,I,
FASGAVEL,I,
RESQETTRELL,I,
AEQTPLSAL,I,
ALDHMVEYV,I,
VLTEHVAAA,I,
QMLAVVETI,I,
VEDVVHTQL,I,
SETSTKQSL,I,
TLYDIAHTPGV,I,
LLSEDTDSQRL,I,
FAVEGPKL,I,
ALLDYREDGV,I,
EADSEKARL,I,
SLHDNSEKV,I,
RTIDFVHQV,I,
GVYKKSIFV,I,
VIWGTDVNV,I,
KSIDTFFGV,I,
FAHHKNQTL,I,
SLAEEKLQASV,I,
RLGSFNLEKV,I,
KLWEQIVQS,I,
RLQEDMQNV,I,
KEAAGASKAL,I,
ALQEKLQYL,I,
LEAPVSGNQQL,I,
HEFEGTHHPL,I,
ILDNETNFVV,I,
KEISEAMKSL,I,
GLQEHSISV,I,
QHTEHVYRV,I,
KEESVVGSVTQL,I,
RVYSHLKSV,I,
AILDTLYEV,I,
MANPQMQQL,I,
HLDSSGLQEV,I,
LLGDKLYAV,I,
YVYSGVETL,I,
WLLDNVRKV,I,
RLADLEALKV,I,
RESEDSTDF,I,
EHPAGHLVL,I,
LLDSAPLNV,I,
SEQDILRQEL,I,
IVIGIIKTV,I,
KSAEIETSV,I,
HETQETKDL,I,
YGSPNALVL,I,
LEGEESRMSGE,I,
ISTNSHPIL,I,
ALADIVWRA,I,
SMLSPKSYYEL,I,
AEMDERFQQIL,I,
TLIRSDAVALV,I,
KLAEKLTIL,I,
KMYGYVDTLLT,I,
ALFGQPPFKNV,I,
SLDDFLATA,I,
SENQGSIYL,I,
KLDHEVKTL,I,
YLDWTIERV,I,
SESQEENTQL,I,
FMSDHYLEV,I,
TIYDRFVHL,I,
SLVDKTKQV,I,
VEVHGPDWHL,I,
FLDHIIASV,I,
AEDRPSEQL,I,
AENQAKNEHL,I,
KVDSTVKTV,I,
AEEKLAGEEL,I,
GETPPVEGL,I,
HETKIGSFL,I,
TEEDVKFYL,I,
QELEGQLDKL,I,
AMNKEGGTASV,I,
NENLDYAIL,I,
RENFDTKRNEL,I,
FLYSDEVQI,I,
SEFKDIEEI,I,
RELPRGVLEGL,I,
SAKTPGFSV,I,
YMSDSFINV,I,
SLQNHNHQL,I,
KMMDKVEFV,I,
TLLDPGRFSKV,I,
QEEDYRYEVL,I,
KLIVKEYEV,I,
SELSSRLDTL,I,
LLDEHGHARI,I,
QSQEELLL,I,
ALFWEQHDL,I,
GEALLPSSPTL,I,
VEDVSWHLL,I,
FAQEALTVL,I,
KLVTTVTEI,I,
ALQDVPLSSV,I,
RQLKRLESV,I,
KEFDHPNVM,I,
SLSAFTPAL,I,
ALMPKQATV,I,
KMDDKALLV,I,
LATASSPKF,I,
FSHNGRIL,I,
KLINKVDKT,I,
SEAEEHHQL,I,
GLSEPIFQL,I,
SVFGGKNIHV,I,
KLTELLVKA,I,
WLYGEDHQI,I,
SEIKQINHL,I,
QEHLGVTYL,I,
GEMKKGLGSL,I,
FLLPKFHGV,I,
AEQEPTAEQL,I,
ILLEHKVVL,I,
KMLSITPSQL,I,
SATQVYTIL,I,
KLLEEQGIFL,I,
IMFQKPVEV,I,
VLAAAAAVVYA,I,
YMLDLQKQL,I,
KLQELNYNL,I,
KESASQTRDVL,I,
VLYENPNLKGV,I,
ALYGKTEVVRL,I,
RAIESSRDL,I,
AQWHEQILV,I,
AVAGFVAYA,I,
GLTTILKNV,I,
AVNEKINRV,I,
HLLPTQLEV,I,
KAYSEAHEI,I,
GLATGIVLV,I,
RQTNIIWAV,I,
KEFDGKSLVSVTKE,I,
KLIAQNLEL,I,
RLMAESTGLEL,I,
GLWEQENHL,I,
FVDPNTQEKV,I,
KLAEVGRVYL,I,
KLYEIGAGTSEV,I,
KENEKDTEVL,I,
REFYNLDSL,I,
REEDFQFIL,I,
FLMDGQELI,I,
KLMQVVPQET,I,
SETSGGMFVGL,I,
SEAASSGISL,I,
SEEVSSGITAL,I,
YVLEGLKSV,I,
IEFSIPDSL,I,
YAIENVETNL,I,
GEEMTFSSL,I,
FAMDVYKNL,I,
TLHGLQQYYV,I,
KEAWENHRL,I,
FEDDAIQLV,I,
GLYSGEVLV,I,
KLSDIGITV,I,
SMISKLKQA,I,
KEMLTKKSTL,I,
LLREKLETA,I,
HEETGASHTL,I,
AEVDDQLTI,I,
AENNIDLVL,I,
RLFEEVLGV,I,
FEENVGKKLL,I,
KLGFTVTV,I,
WESRDHTTL,I,
TVLDAIYEV,I,
ILTEAIKAA,I,
RLAEVGQYEQV,I,
KLQESTQTV,I,
KESDIDAAAAM,I,
HESYDRTAL,I,
KSMQPGTSL,I,
QLQEELHQL,I,
FLIDDKGYTL,I,
AQLPSLLSV,I,
HEVEEATNIL,I,
VLYGNKITEI,I,
TLQDKQNMV,I,
KLTEYVDKV,I,
VEFKSGAGTEL,I,
IEHMESDEL,I,
FLDENVHFA,I,
TVGRICELLP,I,
KLSEPSSLQYL,I,
KEAKFAQTL,I,
HLIDPNTLQVA,I,
QEDVKKAEL,I,
LVFGSVSEA,I,
AEMSTEISRL,I,
VLYNQRVEEI,I,
RMMSQIHEA,I,
QEIDLTGVKL,I,
ALMEQVAHQTI,I,
KLNKDIVISV,I,
LADEKMKQL,I,
ILANDGVLLA,I,
TVLSPQELQKV,I,
KENMETGTGL,I,
SLINNPAFI,I,
GTVEQIVYL,I,
TEYEDEKTL,I,
IEAENHYWL,I,
YTQSGENSL,I,
SLYGGNAVVEL,I,
SLDSSNASV,I,
HLLPDLHAL,I,
KEETKEAGSL,I,
TLIGKKQQISL,I,
RLPPPFPGLEP,I,
RLFTQEYIL,I,
AMIDTEFAKQTSL,I,
QLLDFERTL,I,
LDESHERV,I,
LAYEPFSTL,I,
SESPVWVKL,I,
VLQEKQQQL,I,
SLHERILFA,I,
GQYEGKVSSV,I,
HLWNSIHGL,I,
GLAPFTEGI,I,
ILYGKIIHL,I,
AENPHSEYGL,I,
YLYDLNHTL,I,
KEINETSSSQL,I,
ALFEEQGIGV,I,
KLLEVSDDPQV,I,
REHNENLNAEM,I,
KEMEKSFEV,I,
REIFLSQPIL,I,
YEFIQGEAL,I,
FLHDISDVQL,I,
AELTVDPQGAL,I,
QLNEQLVTL,I,
SEIQKQFEEL,I,
KRHFNAPSHI,I,
SLYKNKEIFL,I,
KVADALTNA,I,
LLQDKQFEL,I,
GEDSDYRSQL,I,
KLSSKLSAV,I,
FLLEQEKTQAL,I,
MLSPFISSV,I,
AESRDTGTEAL,I,
MLFGTYMKV,I,
KMLDHEYTT,I,
KLYNPENIYL,I,
KELKTDNTL,I,
TTFDKEFLL,I,
QEIDEMNQKL,I,
MEVEKEKQEL,I,
GEIPLELQRL,I,
VMITKLVEV,I,
IEFFDQNRL,I,
ALLQDLHKA,I,
REEHSSYTL,I,
TLGQIWDV,I,
VLLPAKLEV,I,
SEILDPHVVL,I,
GLLAGDRLVEV,I,
RLFHYRITV,I,
YVTPVQPLL,I,
GENPDVFNL,I,
KEFEENTQHL,I,
IEDNKFYQL,I,
QLDEARGLLL,I,
MQAERIFSEV,I,
RLQEGDKILSV,I,
LEESQGKIAQL,I,
YLMDTSGKVVTA,I,
GLQEYVEAV,I,
FGQCPGSSSM,I,
REVKNEVSL,I,
SLFGKKYIL,I,
TEEGPSPQFTL,I,
KLKGEENTV,I,
TLYDSRLFV,I,
AEAQELLKETL,I,
TEDALLQQL,I,
QETPYLVKL,I,
TETATSNAL,I,
TEYLEPVVL,I,
ALMYESEKVGV,I,
KAFYSGSSL,I,
AEEQSGGQYEL,I,
NAIDSGSSA,I,
HEAEVHAESL,I,
SLYGYGSTV,I,
REAQDSRQEL,I,
AEAAAQGSIFL,I,
ALDEPPYLTV,I,
SLVEELKKV,I,
ALNEEAGRLLL,I,
ALGEHLLNV,I,
ALIEVPDGFTA,I,
FAYGGHPYPF,I,
ALLRQLKEV,I,
LLYEDIGTSRV,I,
ALSEQILMV,I,
VAYSGVKNSL,I,
TEHSRITEL,I,
RLVSSVHAV,I,
YLNETFSEL,I,
AVFPHLTVV,I,
AEKDAEDSL,I,
HLLDFPHSTHV,I,
YLASLIRSV,I,
KEYLVETSL,I,
YLITGNLEKL,I,
IEAPDFETL,I,
REAYPGDVFYL,I,
NQFNSFISV,I,
MEKTKPEIL,I,
SELEGDTITL,I,
YMFPDTMLQA,I,
QEWDGLVRI,I,
FAYPAIRYL,I,
GLYGQTTGKGSISL,I,
AAYEGSVAKV,I,
REFMKDTDSI,I,
RLLPALASV,I,
AVHSGHLETV,I,
KEESFKVQL,I,
AEEEEQTKL,I,
SEFEQNLSEKL,I,
FELEDEGKAML,I,
FADPHGKRV,I,
TSEDPTYTVL,I,
AEIDEPNAFGNTAL,I,
GLFSNDIPHV,I,
AEFSSALVSI,I,
ALYNQPDCLKL,I,
SLEGIPLAQV,I,
SEDTYSTLL,I,
GLFDHAARIEA,I,
KMYSEMIFV,I,
HEDFLENSHL,I,
KEKEGEVFTL,I,
NLLTERIHL,I,
YLLDGVTEA,I,
HEMQDLGDKL,I,
MEEMRNVEL,I,
KLFSEKRVEL,I,
KMDPAEEDTNV,I,
TETDNGYVSL,I,
GQFPSYLETV,I,
REPQFISYL,I,
VLYEDSLSSQV,I,
REIRQLEQEL,I,
TLFQGIKTV,I,
TMIKGLYGI,I,
GMTNGILSV,I,
SMAPGALLLEA,I,
HVYDGKFLARV,I,
AVEDLESVGKGA,I,
DECPHLIAL,I,
TEIDPENEEL,I,
GMYYGRDVNV,I,
GLPRFGIEMV,I,
KEFKESHSV,I,
GLYPQSPLL,I,
REMESNWVSL,I,
FAIRHFENKF,I,
VLMNQPPQIAP,I,
SVYSGKVLL,I,
NMMPEEKLVEA,I,
YQDPSVLYI,I,
YASDYFDQL,I,
ALPEAIAAL,I,
KLLENSSFEA,I,
SLLDDSSLHL,I,
KEAGVQKLIL,I,
KEHQETIDEL,I,
QLDSHVHAV,I,
QEELLHTQL,I,
ALFNKGGSVFL,I,
QEYEEFKEL,I,
STYEGKPIFL,I,
GLLGVTQQL,I,
HLNSENQTV,I,
AALENTHLLEV,I,
LEEKVPKVIL,I,
VLAFENPQV,I,
IALDPDTMQAL,I,
KLLDLSDSTSV,I,
RELADLHGKDAALL,I,
YLDEIVKEV,I,
SEFDGDLQSQL,I,
ALIPVINKL,I,
AVIEAEKIAQV,I,
ALQQNPGAFRL,I,
RLLQETMYMTV,I,
QEENNNVNL,I,
MEESNNGSL,I,
KLWTGGLDNTV,I,
SEFNDAIVI,I,
SIMKKSEFL,I,
LELALEGERL,I,
ALLELPTTKASQL,I,
AIIEHTNRV,I,
AMFNGNYMEA,I,
LESDLPSAVTL,I,
KLYPQLPAEI,I,
KEELQEKNVTL,I,
AELEDEKSLL,I,
GEPHGLENMEL,I,
AQLDPEALGNI,I,
KLLPGSAIQAL,I,
TLMDMRLSQV,I,
QLLDQIWRT,I,
GEIQQIPVQL,I,
FATFPSSAF,I,
WLDETLAQV,I,
GEFSDPAELGKL,I,
TEFGQSINI,I,
GEMDYKTYL,I,
YLINSPVVRA,I,
HEEIQNSVVL,I,
KLPSFLANV,I,
LMDNPTLYL,I,
YLFDVQRNNIA,I,
SEFTPLPREVL,I,
ALFKCKFEEA,I,
ILLSEPGLVKL,I,
SELPFPSHVL,I,
AMFEQMRANV,I,
KEFEEASSKL,I,
SELEDLKDAKL,I,
VAYPHDGKIFF,I,
FILPYIHKA,I,
SLFNANYDV,I,
AEDENTQIAL,I,
KFYDGVVQTV,I,
AMLNEPWAV,I,
TNAENEFVTIK,I,
SELNEKQEL,I,
GEQNEMARL,I,
IAFGQSMDL,I,
RLLSQVRAL,I,
FSFSGNTL,I,
ALLNDHIYVV,I,
AEYQDLTFL,I,
VEIKELQGQL,I,
DAAPPSAPP,I,
REKELKLTD,I,
RESQLKERL,I,
RELDGFGL,I,
FLPDANSSV,I,
HEGLPGLAV,I,
AAAGGLAL,I,
VLNREVERV,I,
KVDELTTEI,I,
KVLELDPAL,I,
YVDGKGREL,I,
RIIDTVAQV,I,
SLMQPVRKV,I,
AAEEPSRAV,I,
LIDDKGTIKL,I,
AAVGAGAVL,I,
REFLSRKGL,I,
AELGAERSGL,I,
REDTGDQQGL,I,
AESEDLAVHL,I,
VIIKGLEEI,I,
QESPVHIL,I,
KQMVSFEKV,I,
SLPDHLPSV,I,
YIQPQPLGV,I,
KELSELVSI,I,
GEALPHVVPTL,I,
ALSGKSPLL,I,
KETSTEALM,I,
GEDGTLIKV,I,
KMHARDFTV,I,
REEVPRRSGL,I,
HEPAIQGVL,I,
KLWESPNVL,I,
SAHSHFISL,I,
KIIEEAPATI,I,
YLQEREQRL,I,
AGDDAPRAV,I,
HEEGRASPL,I,
GEVTIREAL,I,
AASWPSRSL,I,
SEVKASTTL,I,
SLLDNMIGV,I,
KEVKQNIHL,I,
KESEDKPEI,I,
SMDSRLQRI,I,
TEDDKQLLL,I,
KENRELEKI,I,
GAVVGLHAL,I,
KLSSRIFQA,I,
HILPHPVVV,I,
KLGDISAV,I,
GEVVIRDTL,I,
ALLDSPTAL,I,
KEVFPTAAL,I,
HLQDKIQKL,I,
REASSEEL,I,
KEEKQLQKL,I,
LLGSVVHEV,I,
REKQKYEAL,I,
ALKEKVIKA,I,
KENSSKEIL,I,
REKTPSEDKL,I,
KEKTLGKEVL,I,
GEMQEPVVL,I,
GLFPTSHSV,I,
REDDRKLGTFL,I,
REEAAGPAL,I,
YIDDTLTMV,I,
RELGGRVDRL,I,
KEADAIDDTL,I,
RLMKHDVNL,I,
TLITHPFHV,I,
RLLETVIDV,I,
AGGPDNLVL,I,
AEYTNKGDAL,I,
KLASELIQV,I,
FLLGKEVSL,I,
MATRTSPRL,I,
KVPPSPELV,I,
KVLIDPVSV,I,
REDLSSQLL,I,
GEARTLEAL,I,
RILSKLHTV,I,
KESDNNVKL,I,
SEFPKGIIV,I,
SMFLPPTTV,I,
EHPNVVRL,I,
VLFQDENTL,I,
RLAALEGDAA,I,
GLSEAQVML,I,
KLMEKEEKL,I,
REVGQGNGL,I,
HILKDVSGV,I,
RESERQLRL,I,
REVAGGAAV,I,
ALYNHISEL,I,
GLDKVITV,I,
QEIDGQALL,I,
TEDERKILL,I,
LVLTPTREL,I,
HAVPPQHTL,I,
RLDKETTGV,I,
ILDEPTNNL,I,
KLPKPLEKV,I,
TLQEQIEAI,I,
YSTGHSPAL,I,
KQDETQTKI,I,
KELDIKDSKL,I,
KENPSATL,I,
APPKAHEV,I,
NVEIDPEIQK,I,
ATIQRIPEV,I,
HEINGDHL,I,
VIVNNKGEM,I,
GEASSQSTHEL,I,
AVPPAPTATV,I,
READNVKDKL,I,
ATLEKVIEI,I,
KEFQSLETL,I,
AAIDPSMVSA,I,
SEAKYLQDL,I,
EVKEKTEL,I,
AEVSPGEVGL,I,
AEIEQTITL,I,
STLKNVPQV,I,
VLPEHVSVL,I,
RLDDTVHVV,I,
KEHPDVQLL,I,
HLDRLVPLV,I,
KLPPVGSTA,I,
RQDPAHPHVV,I,
KEMSPTRQL,I,
SEEASSQATL,I,
GLAERLNGL,I,
VEDTTGSQSL,I,
RELEHKDVLL,I,
TEKLLKEVL,I,
RLNNIRVLL,I,
NEKFAPELL,I,
GEAGPVGNM,I,
AEGTGDAVL,I,
REEEVTGPVI,I,
ALDSGAFQSV,I,
ALLARLQVA,I,
AIDTGAFEV,I,
SEIDSEEEL,I,
MAFPSSQSL,I,
SLDDVEGMSV,I,
SEKVFVDVL,I,
SEAQSKNEFL,I,
TESEESSKL,I,
AIDAALTSV,I,
KLDLSKNKL,I,
SLMEKEQRL,I,
SLYQRAVRL,I,
QAPGPPEES,I,
KEAQGKIDVL,I,
LAIDAIHQL,I,
LEHMETERL,I,
YTNLGPRL,I,
RLEKNVKEV,I,
KVFEAVPTKV,I,
ALADLQEAV,I,
SLSGKTEEV,I,
REGQDSEEL,I,
KLFSDIENI,I,
MEINTSGTFL,I,
RLDTNPSKV,I,
SEEVHQAVL,I,
SLSPGLNHV,I,
REVYVKGL,I,
YGGSVHEA,I,
SVFARPSSV,I,
SMAGEVTRV,I,
KEIQDINQL,I,
ALAEKTSHV,I,
KLYEGPQLV,I,
EESNYELEGKIK,I,
REAIYNDVL,I,
RLAEALPKQSV,I,
AELEKLQAEL,I,
HLPPSPKPMK,I,
QEIKESVEL,I,
REFFTKEL,I,
SEGEIKSGQL,I,
FLLGHEIAHA,I,
TEITNGINL,I,
GLNDRSDAV,I,
SEAECQRQQL,I,
TLVDFDNHL,I,
YVASNQHEV,I,
FVAEGGPEL,I,
LLYDDKGVGL,I,
SEINSNSDSL,I,
SEGPSKPTTL,I,
REEAKNIKL,I,
YLDDTKQET,I,
GEFRTGKTQI,I,
SLINENQSL,I,
QENHFVEGL,I,
RELARVVTL,I,
REYDDQRAL,I,
KEESMKETL,I,
KEDDAPRTI,I,
LESAVQHETL,I,
FAHPYQYEL,I,
KEFTGKEEKTSL,I,
REFEERRS,I,
KLLSHEESV,I,
KERGDQTVL,I,
KEHQETIDKL,I,
RELDNKYQETL,I,
MMYPSPHAV,I,
GMTHIVREV,I,
NMIVDLDNV,I,
METDARSSL,I,
KMWEEAIAL,I,
KEHEDGYMRL,I,
MEDEPTQAF,I,
FGGSRAGPL,I,
AEDTAHPKL,I,
VLIGHSYGV,I,
GLLQQPPALGR,I,
GESEKPLVL,I,
GEMNASRAL,I,
RESGDTQSF,I,
KELENKYAKL,I,
KLLKEAVVL,I,
LEEEGKAVL,I,
AEVANAVAF,I,
KLQDQIFNL,I,
TMLDRVVMA,I,
HEESQTATL,I,
SLFRGSHRV,I,
AVDPLGNYMV,I,
GLNEQVLHL,I,
RLLEPLVTQV,I,
AETKLQAIL,I,
RLSDQVLFV,I,
APAAALAAA,I,
VESFSDYPPL,I,
EEVDLQTAL,I,
KLREDTHHL,I,
RLWDPRTKDGSLV,I,
KLFIDPNEV,I,
SLSADKFQV,I,
REDNFNTAM,I,
RLNEKNYELL,I,
LMQTEVHHV,I,
HLYDIHVTV,I,
REDPSSNKDL,I,
ALDTNQVSL,I,
KLLPETVTI,I,
HEVSNGSVVHRL,I,
KIGDFGLATKV,I,
KEVDQREAL,I,
GEQKPIPALL,I,
YLAREGLIRA,I,
TEGPSPAL,I,
KMADEDALRKI,I,
LEENGERVLM,I,
RLGPPPSHA,I,
HLQERVDKV,I,
GEAEETTRL,I,
KIYDKAMKL,I,
KLFSEVENKNV,I,
ILLPRIIEA,I,
VLHEEDHTL,I,
TLHRYEHAL,I,
LEASPQDEKL,I,
YLDGHLITTV,I,
RVTDVGIRYV,I,
AIMDSNNFL,I,
AEIADGMAYL,I,
KLSPEDYTL,I,
MELPTEKEVAL,I,
LLNAILHSA,I,
RLLDSGAFHL,I,
KMAPPPKEV,I,
SEDPYQLEL,I,
KIMTEKELLAV,I,
MLDDNNHLI,I,
KVLQHMKAV,I,
SEDSYTREAL,I,
VAVVAGVAL,I,
KEFSNLISL,I,
TLMKWGKKV,I,
KEEKYVAKEL,I,
HEAVHQHTL,I,
AETSHPVLL,I,
QEAPSSQDIL,I,
SELPQEIGNL,I,
AMWSKDSYL,I,
REAKQLTQL,I,
SLIPEGPPQV,I,
QEHQPKVAL,I,
REEKTTTTL,I,
KEFGPSHFSVL,I,
HEDYIRQFL,I,
AEGSEAAEL,I,
KEAEGKEPEL,I,
ALEEKLENV,I,
AEMEGAVQSI,I,
SLAHELWKV,I,
KLLQTVLTA,I,
SESEASQIL,I,
GELGAGTASIL,I,
KEEDESANSL,I,
MMSTVTEV,I,
QLYQDPRNV,I,
SESKEKRDIL,I,
KLSQELEKV,I,
HEDGHEAQL,I,
GEGQSNSEL,I,
KLLSGNLAL,I,
LQLDKEFQL,I,
SEFEGQQGL,I,
AELAGEGISV,I,
HEDTTKQNVL,I,
LLDSQSHHL,I,
HEEAGIFKL,I,
QILEGVHYL,I,
KELEIYNTV,I,
HELEENSKL,I,
GEMASAQYI,I,
AVDEDRKMYL,I,
KEQTGNLKQEL,I,
KEADLVTTHEL,I,
SVLDIGTGNGV,I,
ALNGKLYIV,I,
ILSDKNSSV,I,
KEAVIKHSL,I,
FEVDDGTSVL,I,
TEMESMKTTL,I,
VANTSTQTM,I,
MEFPTAEVL,I,
KESGKLQVL,I,
GESQVEKTKL,I,
LMPDIAVGV,I,
ALEEQLQQIR,I,
SEIEENKPKL,I,
FMNKEIVTA,I,
ALFDGHGGPAAA,I,
RLAQVSPEL,I,
SVYHKPPSA,I,
NLMDDIERA,I,
KEFVEKHFNDL,I,
VVYAHSKEL,I,
KILTKLLEV,I,
FLQPGGYHVL,I,
KQTDVAAEV,I,
EEQLQQLR,I,
HELSNEERNLL,I,
LMHDKNNEI,I,
NAENEFVTIK,I,
SMVAGVVSV,I,
VLDVESGNISV,I,
KEAIEELSTL,I,
KLDNIKYLA,I,
HLAGVSSILGA,I,
KEYQSVEEEM,I,
TMLARLASA,I,
AEELTNQVL,I,
IAAHGNSL,I,
KAYNRFSNL,I,
RLFSKGFLV,I,
KLMSEVQTL,I,
RLAKKLQQL,I,
AVNSHVISV,I,
HESGYDAGKAL,I,
LLPHPGLKV,I,
AEKYAKESL,I,
TLSQAIVKV,I,
SEEQRKEYL,I,
GQLDTPGVHNV,I,
YLEEELVKA,I,
RLLSEVKKL,I,
FLGAVKNV,I,
YLINEIDRI,I,
GLTTGTHEV,I,
AEASLPEKKGNTL,I,
AENRLHHVL,I,
GEVALTNEL,I,
QEIVETTKM,I,
AELAKLRQEL,I,
SLLDMGNMSA,I,
GEVDKPAQGFL,I,
TTISKVSQV,I,
RQLAKIHAI,I,
IMVRDVPHV,I,
KEVTEKEVTL,I,
LEQESHSSL,I,
SEHRELETL,I,
TLLDSPYARV,I,
TQADWQHRV,I,
YELYTEAL,I,
GEYGPQASTL,I,
GGFGGGSF,I,
ILLRHSKNV,I,
KAFSHSSTL,I,
KIQDLEHHL,I,
YSSPTTSEM,I,
KVFETEHGV,I,
GLYTGQEYV,I,
QEATPEKESL,I,
VEDHINPKL,I,
MLTEIEHKV,I,
LEANPPSDVYL,I,
YLMDTSGKVV,I,
RLIEGKLKAA,I,
RLHNTIVEI,I,
GEKTTTEEL,I,
REMSETSEL,I,
AMIGHTNVVV,I,
MIAQTVTAV,I,
SMFSKSEFSV,I,
KLDETGNSLKV,I,
FIPPAFTNV,I,
AEEQAGLERRL,I,
SESSSGGKSQEL,I,
YLTNEGIQYL,I,
GEAESHSTVTVL,I,
SEAKYLQDLL,I,
REEHIVVEL,I,
YLYCGQEGL,I,
TEFFEDDATL,I,
KQMDSNWTL,I,
WLDNPKIQL,I,
RVWEDRPSSA,I,
FLANIGTSV,I,
KMDDPDYWRTV,I,
ALSELTQGV,I,
KVADKIQLI,I,
AEAELKCVVL,I,
KVSDILHSI,I,
LQAPELANV,I,
RETKERFVL,I,
EDTGRVHL,I,
KAMEKLESV,I,
QLIKELPEL,I,
FLENHVRHL,I,
RVIDQKTLHTL,I,
REIEATNAVL,I,
AQYEDIAQK,I,
AIFAGTMQL,I,
GGFGGGSFRGSY,I,
RLIKKVQEA,I,
KTWGGVVTA,I,
SLDKFLSHV,I,
KLLQDLHEA,I,
SQVLQVPAV,I,
KEEEIRKIL,I,
HLLEGQNASV,I,
HETPSSAEL,I,
AEFSAADNHIL,I,
QEIKDKDQL,I,
ALKEEFEYI,I,
RLVQGSILKKV,I,
GELESLNTVL,I,
FVEEKTKVA,I,
RQAEEFHSV,I,
GLWGPEEEPHL,I,
KEIQDKSEEL,I,
KELAEKLHL,I,
YLGKIKRV,I,
KEEGMKIDL,I,
ALWHEEAVL,I,
GEYGAEAL,I,
RQTEGFKNV,I,
FQSDTNAML,I,
FESQNKEFL,I,
AETNSALEEL,I,
REYQEKEIQRL,I,
VLKEYLDNV,I,
REFDLTKEEDL,I,
REAIESGAAFL,I,
FAICDQKSV,I,
SIINPPIAKI,I,
IQAESIPLI,I,
SEAKVTSHTEL,I,
AAWGGHTEV,I,
AVDENGNNAL,I,
HQIQNVVTV,I,
LLHDHDERL,I,
QEMPTVSVL,I,
QENEGTNQL,I,
RLQKELAEA,I,
RLLPPGAVVAV,I,
ILPKYVQQV,I,
ALLEQQNTI,I,
AMHGHLEAV,I,
HLDPQGAQEL,I,
HLLETPLVV,I,
SEAGGLKQEIM,I,
FQYDHEAFL,I,
RLGEKEILEKA,I,
YAFGGGCEL,I,
KEPSIALEKL,I,
REIKDTQAQL,I,
TLQEHLRQA,I,
PGPTPSGTNVGSSG,I,
TLIEDDALNGA,I,
VLAALSQAV,I,
FLSELTQQL,I,
REAQVKFHVL,I,
QLAEENERL,I,
KLAQALHEM,I,
RLPPELSRV,I,
KLKSDEDEERV,I,
QEANYGALL,I,
FLQPDLDSL,I,
KLLDLKKQL,I,
ILIRPLVSV,I,
AQFHPTEDLVV,I,
KEDTVTEKL,I,
QELFHVEPGL,I,
SLDKKVHQL,I,
REVCEQNQQL,I,
QADPFAHVA,I,
REVWNTYEL,I,
KEEYADPFAL,I,
HLASKIEEA,I,
KLYRPGSVAYV,I,
QLLETLNQL,I,
KEFDGTKVF,I,
KIMDRFEEV,I,
RQVEKAWAL,I,
TLLEKDYFL,I,
KLRERDERL,I,
REKLDEFNEL,I,
YEADPLKKELL,I,
SLLKKPASI,I,
ALLETNPYL,I,
KLQDFKSFL,I,
FAIDSSHPWL,I,
HEKEEFKAL,I,
SLLSQQPFL,I,
SEESPSKETSL,I,
LMAAEPYETI,I,
KVLEPSETLVV,I,
AEVECQRQDL,I,
LMNGLIQGV,I,
RELAKDSEL,I,
KLLYGVNEI,I,
AEMVNKNSEL,I,
VLMKDVQEI,I,
SVFERALSSV,I,
REGPTSSATL,I,
GMFTEGELMSV,I,
KLVDVPFQV,I,
KLNENIKNA,I,
KLYNGHHHL,I,
MEHAGKNQVL,I,
IATPRIIEL,I,
ILHDLIPPPV,I,
SELREPLKVVL,I,
VLHPGLLAQV,I,
YAKEAQQSL,I,
SLWEENQAL,I,
AMQEYIAVV,I,
SEDTVISIL,I,
KTITRLHKA,I,
MLFDKFRSV,I,
GLWSGPLPRV,I,
SEEKKIKVIL,I,
GGYGGGYGGQSSM,I,
QLFRGDTVLL,I,
VLTDTTAEL,I,
KMFGIDRDAIAQA,I,
AEYQESNAL,I,
FIDGGGSVLV,I,
YLEDGFAYV,I,
QLQEETFRL,I,
YENEVALR,I,
YENEVALRQ,I,
FESEDLTSI,I,
SEEAIRREL,I,
RLAPAGIPA,I,
SESTNSVRL,I,
KLMTALVNV,I,
RETTEVDLL,I,
REGVPPTAL,I,
AEVTPTGRL,I,
GELEDTQTKL,I,
AENEFVTLK,I,
LLDQIREGA,I,
SLHLHVPSV,I,
QEMPGDVPL,I,
TLDGNLYAV,I,
ALDDFSISV,I,
AEQRGQNLL,I,
AAAEVAGQF,I,
AEGLGGNIEQL,I,
GEVISDPKL,I,
AVHETLVAV,I,
GLYTGEVTEI,I,
STIAILNSV,I,
EEQLQQIRAE,I,
FLDDPQAV,I,
MLNGQEVRL,I,
YLVPQARAL,I,
ALRDGEVFQV,I,
SAIGRAMEL,I,
AEVSVPKELV,I,
NEFRKTIKL,I,
ALAEIAKAEL,I,
QLDKLIREV,I,
EELPLGREL,I,
ALEEQLQQIRAE,I,
EEANNDLENKIQ,I,
LEHPEKLTL,I,
RIKDTVQKL,I,
LLDEHGHVRI,I,
SESNTKEFL,I,
VEESIGNAVL,I,
GEAQSKETL,I,
VAGGGGGF,I,
SEEKGGVEVL,I,
AELGLAPSAL,I,
TEAEIAHIAL,I,
GLDRSLLHRV,I,
EAKEKIYL,I,
REAEREALL,I,
YSHVNKKAL,I,
YSNNIRQL,I,
RELEEKIKL,I,
KLQNKEHVI,I,
REYKTSFHAL,I,
VLLSQPTVV,I,
GESRVPLTL,I,
LEQLVQEQL,I,
KIEFPPPNE,I,
ALYELEGTTV,I,
FLKEKVPGI,I,
GADIHSKEF,I,
HAITPRTTV,I,
EEKHLHVL,I,
AEQEIAVAL,I,
GLTGQRLLGV,I,
QKENAGEDPGLA,I,
SLLPHDAEL,I,
SLYPSIMMA,I,
HLPDQLASV,I,
LLQGAIESV,I,
ALVGSSPHL,I,
IEQESQMSL,I,
GELKGELEKL,I,
AMNKESPMV,I,
AESTGEIIRL,I,
ALLDGKNVNA,I,
KELQELNEL,I,
GEILIGGQSVTM,I,
SLSDVRVIV,I,
TEMERTLAL,I,
RLTEIVASA,I,
ALDSGFNSV,I,
FGIDKSKSI,I,
AVLDLVHSA,I,
VEENLSSYSL,I,
REHLITLKL,I,
LIPPSLQGV,I,
GEISVNTSV,I,
SLNECFVKV,I,
NLNDRLAS,I,
AEIRRFSSV,I,
VVNPGANQNL,I,
AEEPDLQSL,I,
AEPKENTTTL,I,
FLNGKSVGV,I,
AEIKSTNDSVL,I,
QEMGGAERAL,I,
VLLDHIQSA,I,
SEDDSAVPL,I,
YLHDVKNIL,I,
YLAPENGYL,I,
KLHRGEIKL,I,
QENVVKTLL,I,
NEARDPQTL,I,
GLDESKAKL,I,
KMAEEKLTHKMEA,I,
VLYGDVEEL,I,
GLLGITKNV,I,
RLLGKLPEL,I,
GKDAVEDLE,I,
GLKDHLKEI,I,
SEERSSGFRL,I,
ALLGRLREV,I,
KLIDKLDSL,I,
HLLGDQISL,I,
ILTNVVPKM,I,
YLGHLQQYV,I,
ALKEDDPKAAL,I,
RENEVRNFQL,I,
HLQEKLQSL,I,
REQEARGRDLL,I,
KEYEKTQTVL,I,
KMMEEVEKL,I,
GVYQGRVSAV,I,
TEYSKSEEKL,I,
REHMGQLLHQL,I,
KLAEVTKVV,I,
KESFQQVQL,I,
KEQIAKDLL,I,
FASGLIHRV,I,
LLYDLADQLHA,I,
FSNGHIKVL,I,
EDHATQHL,I,
GLAPAAPLQV,I,
SALEKSMHL,I,
KLARVNENL,I,
NSGDVNVE,I,
KLLAVIHEL,I,
SENQSSSVL,I,
RENGMKVGL,I,
TLLEGEESRMS,I,
KLYEEINQV,I,
SEVVGFQTL,I,
KLFQGVNKA,I,
AEEQPQVEL,I,
SLLAENSYV,I,
SENTQNTSL,I,
KLISSYYNV,I,
KEFRSNQEL,I,
RLAAFGQLHKV,I,
AEMPPPQSRL,I,
SLAEAGGSEIQRV,I,
REDLTQVELL,I,
SVMEYVTAV,I,
ALANQKLYSV,I,
GGGYGSGGGSGGRY,I,
AELEIQKDAL,I,
TLNDSSVTV,I,
KVSEQVKNV,I,
AEARSETSITL,I,
YLDDLNEGV,I,
KVLNKVITV,I,
MEKYLKEVL,I,
ALYDPINPDRETL,I,
SEDSNNPTL,I,
GLMERYLSV,I,
RLLHELVYA,I,
ILNEDNSVVL,I,
RLPPEGILHNV,I,
KMLKESQKL,I,
ALMDSSSSL,I,
AESFPTPAAL,I,
QEEKQYISL,I,
KIIEYSVYL,I,
KMLPTLGGEEGV,I,
TVAEINATMSV,I,
GEFSEHLQEPHHTL,I,
MQDPNFHTM,I,
SEYEYGNDL,I,
SEQDNLQTTL,I,
KLLNKIYEA,I,
VLLPEGGITAI,I,
YEKFSKEEL,I,
REQNVLHML,I,
REIGKLTEEL,I,
KIFSGPLKGI,I,
LLARGIDVQQV,I,
SEFFRSGKYDL,I,
ASPTELIAV,I,
QLQDYQHFV,I,
YAIEVDPVL,I,
KLSDIGITVL,I,
GLYEFPLNKV,I,
HAVGPQEI,I,
KEVQDGIEL,I,
GEGSGGGVL,I,
TAPAAPAAPAPA,I,
REVKEENTL,I,
KLYAKLEKL,I,
RLAEQIATL,I,
RVDNTVPLV,I,
QAAPPTAAM,I,
RVSEYVPEI,I,
VLDSKSVEV,I,
AEERDTPKL,I,
SLMSHAIEL,I,
ALSEKIVSV,I,
ALTNAVAHV,I,
QVMGKVPTI,I,
GLDAARTYV,I,
FLEENISEV,I,
SVATKLTAV,I,
GMVQQIQSV,I,
VEAGITGQEL,I,
IPIHADPRL,I,
SLREQLEGV,I,
FLQPGGYHV,I,
LANPTTSAL,I,
ALGKAPSKV,I,
ALANQIPTV,I,
ALTGHLEEV,I,
REAPPSPLT,I,
AQLPRIFHV,I,
SQWQSPPVV,I,
STSEVNPQM,I,
RLLDGGSFTA,I,
AAPPPSVTV,I,
RMSSALESV,I,
KMVEDLISV,I,
MLDPTKPPSL,I,
KEDVSSIVM,I,
TASDVHPTL,I,
QLFKKPRQV,I,
KLWPEASKVKV,I,
FSIANPNSL,I,
AMFPDTIPRV,I,
GLTQEGLFRV,I,
KIMATSGVVAV,I,
GLHSLPPEV,I,
SEHNVPVVI,I,
NLAKCIVSV,I,
RLADDLSNA,I,
VLMEKPDVV,I,
IMLKGDNITL,I,
AQSTPTPGV,I,
KMDGAPSRV,I,
SLQKDLSQV,I,
SLDVEKPVGV,I,
QLSTVITQV,I,
SLDGRPPSL,I,
KLMSDLQKL,I,
GPPVSELIT,I,
ALVTDLRDV,I,
SIAELHNSV,I,
TLFNEVSRA,I,
YLPVKIEQV,I,
HLSEYISTA,I,
GLLDQNPHL,I,
KMAAIDEKV,I,
RLSESLHVV,I,
RLLSKIHNV,I,
GLAEELVRA,I,
RLIDHDPCL,I,
ALLGHTDTV,I,
VMFKTPVSI,I,
AELERNVAL,I,
LSDHHIYL,I,
ALHDQLNRL,I,
YAVRDTIAL,I,
AEEGQKAGEL,I,
KMNIPTVGI,I,
RLASTLVHL,I,
GLDPSTPAQV,I,
AILGGQPPNV,I,
ACDPNNKRL,I,
KLDPATSAVTV,I,
TASPVPLSL,I,
TMNYGVHAV,I,
AEISSNTSQL,I,
FSLPPGHAV,I,
RLIDHIRNL,I,
HLAKNVVMV,I,
KIDGKTIGV,I,
SLAKEIQYL,I,
SEVNMDYTL,I,
KEDPNTALKL,I,
RENRGLDRL,I,
KLLEATSAV,I,
LFEKVKEV,I,
QEPDLAQVL,I,
SLADSMPSL,I,
SETSHSSSL,I,
YLFDKSKTV,I,
RLQQLQHRV,I,
SEHKTKLEQL,I,
IENGEKITSL,I,
ALDQKVRSV,I,
KLHDVEHVL,I,
YLLEKSRVV,I,
RLADGPDEV,I,
YGSPHFTAL,I,
HEEDVEGAL,I,
FANLGRTTL,I,
RLAAFYSQV,I,
RLYGAILQM,I,
RLFSGVANA,I,
QVPDDLPNV,I,
LMAPAPSTV,I,
APPQHLIRV,I,
QESLAQARL,I,
ILTGHTQSV,I,
HLATYTEFV,I,
TIVDKVKEV,I,
ALYNALDKV,I,
RLQERNVQV,I,
RLQGGKDFNV,I,
SLPNGKPVSV,I,
SLQEKPMEI,I,
KLDPATSAV,I,
KLDDGSIGV,I,
HLAEALHQA,I,
AAMNGHVPAV,I,
FLSEEGGHVAV,I,
AMLEEVNYI,I,
LLMEHIQEI,I,
SEEKTPAPRL,I,
ALQGFQTQV,I,
AEKEDTQML,I,
YLNQHVNRI,I,
YVFENIKSV,I,
QLQDLKNQHL,I,
KEDEGAQQL,I,
VLAATLAQA,I,
KILAKRINV,I,
MSMDASPEL,I,
ALSPQVQQV,I,
HLLGHLEQA,I,
QLAADIHQA,I,
AMAHVAGFTV,I,
RLDGRPIGV,I,
SQLSKLQEV,I,
YEYTDYGGL,I,
SMDNSRNL,I,
SMANGMNAV,I,
GLGLTPPTLA,I,
KLSSTQEGV,I,
GVAGGSILKGV,I,
YIYHGTVKL,I,
SEMDTGNDDKHTL,I,
VLQQESNFL,I,
VLTSEVHSV,I,
AEDDNAIREHL,I,
ILDEMSHKLRL,I,
REVNPGDVSL,I,
REVEGDLGTL,I,
QAIRAGLEL,I,
SLATKIQAA,I,
AEDNTVSFL,I,
RLNQTTFTA,I,
LADETLLKV,I,
SEEATAGAAGL,I,
GTVKPNANRI,I,
TSENGMTAL,I,
GLAPLHIQL,I,
RLNDSNKILV,I,
EEVEDKTVM,I,
SMLGEEIQL,I,
GLSDTATYKV,I,
TVLNEKQLHTL,I,
KEVDAQSSL,I,
KLLAESVTEV,I,
KLMENTFVS,I,
LGAPGTVAL,I,
LLTEQIHSL,I,
AMHAQDPQV,I,
FAGPCKVI,I,
ALIDRMVNL,I,
HAASVFLTL,I,
GEASEQTVSL,I,
KLLNTRHNV,I,
AVDPAANRL,I,
SMHDCVSVV,I,
AMHSIGGVQV,I,
VLFGKPMVV,I,
GLSGNTMLGV,I,
TMTTINTHL,I,
ALTSVNKFL,I,
KLFAGINSV,I,
RMADGVANV,I,
VLLGHSQEV,I,
AMQDRYMEV,I,
TLGTATFTV,I,
QLNDVAHLV,I,
TTAPSGIVNV,I,
AEHSQVAEL,I,
TEINFTQKL,I,
FNYPGGVAM,I,
SELSVHNENL,I,
RLIGGISKGNV,I,
YQLDQDHNV,I,
SMLAEDAIKAA,I,
VLMGLPLAQA,I,
KLQEENHQL,I,
NLQAVINEV,I,
RESESSPGQL,I,
VLQESIKRV,I,
GEQEQIPEL,I,
RLYDPTEGMVSV,I,
AEEQYAHAL,I,
LLFDRHPDGV,I,
SMAKAITGV,I,
ATGVGMATGI,I,
YLNEQVKAI,I,
KMLKEIVKA,I,
GLIAGAVIGA,I,
FMDDKRVYI,I,
FAQPSGLSL,I,
LMDMRLSQV,I,
ALKKNLEKI,I,
VLQTNDLTSV,I,
GLMTGDVTI,I,
RMYPFQIHSI,I,
YLADPAKFPEA,I,
TAHVGYSM,I,
ALHDLLQHV,I,
SEINSDDEL,I,
ALSNSDVIRQV,I,
GEEDSPSHI,I,
SEAQTSQTL,I,
RLATKYHTV,I,
QEMENSTTL,I,
EEEQHMTTL,I,
LADQKVHML,I,
LTDITKGV,I,
RAQPSASL,I,
VTAGKVPEV,I,
QAPPPPQQV,I,
HELEKKIEL,I,
FLSDGTIISV,I,
SLFVKLHNV,I,
LLEKVRKV,I,
LMADFNKDNRV,I,
QLLANEIKL,I,
LLADHTVHV,I,
TLAPGEVLRSV,I,
SVLEQLHQA,I,
FLTEGGVARV,I,
RELEEVQRL,I,
LLLPGELAKHAV,I,
RSYIGSNHSSL,I,
GLTEDMVTV,I,
REARELWSRL,I,
SEFHPTLGP,I,
KMDENRFVAV,I,
SQMEKIVRI,I,
ISTHIGNEL,I,
RIDGTTREV,I,
ILQENPQVV,I,
KLINQVNTI,I,
SEVNKHETAL,I,
KMAGDQVANV,I,
FIFDKLHKV,I,
KESTATTFL,I,
GLAEDIDKGEV,I,
HLLERVDQV,I,
KLDPSPQTI,I,
LYHYVAVNNPKKQE,I,
KEKVDKEAL,I,
HLAKVTAEV,I,
VLIDELHGL,I,
LLSNNNQAL,I,
SVTSTVHVV,I,
RLPSRAWKV,I,
DTNADKQLS,I,
ILVKHLTNV,I,
KIWDLKERTNV,I,
SLAEKELQL,I,
RETISGYTL,I,
QESPTLSKL,I,
HLQQDPDAKV,I,
SLMHTIYEV,I,
KIIGKVEKV,I,
YISNANYSV,I,
RLMEEQEKL,I,
YLNKAGIVQA,I,
VANGKLMIL,I,
SELEHLSEL,I,
ALTESNAGL,I,
YLQDVIMQV,I,
REEGFDRSTSL,I,
MMVSEELIRV,I,
REIEENQKRIEKL,I,
AEKEFNETM,I,
FARSGVQM,I,
REVQAVSNL,I,
QMDHRPESV,I,
ILPERFLAV,I,
MEVSEPHIL,I,
ALDPAAQAFL,I,
QLNDSIITV,I,
TLAELQNNMV,I,
FENKFAVET,I,
AEVSQATEL,I,
TTFEHAHNMRV,I,
TETGKSEAL,I,
SLLKEPQKVQL,I,
VMFRTPLASV,I,
SLNDQGYLL,I,
KMLDGLRKV,I,
SLLNEPALV,I,
KENENIGDQL,I,
ALYNVDAGHRA,I,
TLIKGKIEEV,I,
AETRNSSEQEL,I,
LLYGKYVSV,I,
FSSPSFQTL,I,
ILTETQQGL,I,
KIYERTMAV,I,
AESSAIQSI,I,
IMIDPVLGTV,I,
TMFGHTNSV,I,
LDDTAKNLRV,I,
SEVSEGQVL,I,
ALADGVTMQV,I,
MQDDNQVMV,I,
ISNPNSIIL,I,
AEEAAGPGAAAL,I,
ALLEEVKAL,I,
SEHEEGSLL,I,
ALMGYNDQV,I,
TVFPAGLANV,I,
AKDFEKAYKT,I,
YLSHIATEM,I,
ALAGHLNEV,I,
AEAAPDGPAL,I,
ALYPGQAQL,I,
KLAETTDKV,I,
RATPHPGEL,I,
CSVAPGKSL,I,
QVIPQLQTV,I,
SLSKITTTV,I,
AMAEEIRRLSV,I,
VEEAQVITL,I,
YAYEKPHVV,I,
RETRTPEEL,I,
QEALTKHDL,I,
RLSGRGVARI,I,
KLQPTPGIQKV,I,
QLSDTYVTL,I,
SQQEIQHIV,I,
LLSDPIPEV,I,
MESGGTVL,I,
ALIARVTNV,I,
GLDTRPHYI,I,
YLNDRVDEL,I,
QEIADAHGLL,I,
YQYAHEHTA,I,
ALGGAPYQV,I,
LDTTRHEL,I,
KTNEKLYTV,I,
RLSNKVEAI,I,
KEHEEAVSV,I,
VAIDAGHESFL,I,
SEMDPSTQI,I,
KILGPKPQGV,I,
VIQEKQYEV,I,
RLLPEQLIKEA,I,
YLISQVEGHQV,I,
AELQEKMAYL,I,
TLLESIQHV,I,
KLANVPDGSFL,I,
AMGDFENAV,I,
YSYSRDLDL,I,
IENRDVAKSVL,I,
AESADAAIM,I,
FLDVNSHKI,I,
NLIKQLTSA,I,
ALLTGTSSV,I,
TQWERPVSI,I,
GLLPGCVYHV,I,
AEYEARSRLQQL,I,
RLGPRGLPL,I,
LLSHAGILKV,I,
RMHGKFSLV,I,
FAQDGQHQVL,I,
ILAKEVEIV,I,
KMLDKIISI,I,
LLQEEVTKV,I,
VAAEAFSEL,I,
LVIDVIHEV,I,
KLMEKGIEV,I,
KLYQHEINL,I,
YSVSAQSSM,I,
KLSEINKLL,I,
GEISQTQENSKL,I,
ALADDKKLKSI,I,
QLAEDLKKV,I,
YLDPFLHHV,I,
ALDEQASHIQV,I,
KLQESVKEI,I,
SELDRHQQL,I,
KEFAKKVQEL,I,
KLIKTSPEL,I,
REINIRNERL,I,
VMVNQGLTKHMTV,I,
NQIDHEVTV,I,
RAQRPGLAL,I,
KLLDLKPYKV,I,
RELAFGDHEL,I,
FAYGSGNSL,I,
KLDELKRQEV,I,
SLTDQHVQL,I,
LAADIHQAL,I,
FANGHVNSV,I,
TIWPNAPAV,I,
RLKEIEHNL,I,
LLPPPGSCA,I,
SLQEKVQYL,I,
SEVYHGPEL,I,
GEIRDSSASTM,I,
KTSPKPAVV,I,
FLVEPQEDTRL,I,
KTIDDLKKV,I,
FMNSVIQSL,I,
RELELEDRQSRL,I,
RLQSGTTGV,I,
AETEGSSCTSL,I,
QEAANERQQL,I,
RELKAEASL,I,
AMATESILHFA,I,
GEDSQPHSSAL,I,
SVDKKGHVHYL,I,
GEAALGIANL,I,
KLLGESALEGI,I,
KLYEKLLTA,I,
ALDASILNV,I,
KTINKVPTV,I,
VEENNGVAKHI,I,
MLLEKIQSA,I,
ALAQYLITA,I,
KLSKDQFAL,I,
FLNPAQQSL,I,
YLSELHEHL,I,
SELETEVTSL,I,
VEVKDPDGKVVL,I,
TEADLFHTI,I,
YLQEHAQEV,I,
FEESPQGKVL,I,
MEEPDHGAL,I,
KVITDIAGV,I,
GEPTSNETL,I,
ALASLKKYGV,I,
AEETMEQPL,I,
SLIEKYFSV,I,
FLIECTPKGV,I,
SESSEAAQL,I,
ALMKVKPKHL,I,
AETVLKQQGVL,I,
RIAMGVHNV,I,
FEEGGGVAM,I,
KLQEEKVRAV,I,
HLSVVSVTV,I,
TELKQNNQSL,I,
SLQEEKLIYV,I,
LALAPGLPT,I,
MLSEHTSKL,I,
FLIETGPRGV,I,
KLIEKNYFL,I,
NLMEENIRQSV,I,
REENSMRLDL,I,
VSDHISKV,I,
TLWRGPVVV,I,
YEDIRKELL,I,
KLDAILKNV,I,
QQLPAGILPMV,I,
KLMEKTKYI,I,
SEVGTQTSI,I,
FMGNAQTGV,I,
SGGGFGGGGFGGGR,I,
ALMDVGNMGQSV,I,
KEKTTLESL,I,
KEFSHKIHL,I,
YSVYVYKVL,I,
ALLEENSTPQL,I,
AELEREVAEL,I,
AMFLTDSNNIKEV,I,
ILDKGRAMFL,I,
AVWAAVQAV,I,
GGFGGRGGGFGGGS,I,
VLMDNMKHLL,I,
FLFDRPMHV,I,
FSNKGQTL,I,
TMGPSSVINSV,I,
SETITQLNL,I,
MLGHKPVGV,I,
HDLEGPPLDA,I,
RMMLEEQVRSLEA,I,
VAEDRTRVV,I,
GEGGSSTQL,I,
ALWKEPGSNV,I,
ALMDHGVKV,I,
GEENLKTSI,I,
KEFDAGIIEL,I,
ASLESVSLHEV,I,
VSSKPGSPL,I,
ALWHDAENQTVV,I,
ALIVQGPREV,I,
IEVDHSHDL,I,
QLYNQIIKL,I,
YLADPMKARVVL,I,
QEFQNFKTL,I,
SLNEQIALV,I,
KVVDRIYSL,I,
VAPPPPPVEV,I,
KLLDLKKQLA,I,
KESEKELAL,I,
VVIEPSSVL,I,
AESPLPAVVL,I,
GEACGTVGL,I,
YRSGGGFSSGSAG,I,
RLYDLNHNEI,I,
MVMEGVTTV,I,
AEQKSNYNL,I,
HLQDNIQHA,I,
TQFAEKFQEV,I,
ALFEQEVLGA,I,
KLHEENKQFL,I,
KMWDLSSNQAI,I,
ALWHVPEHAV,I,
AMMDETPDSSKL,I,
AEANKNASILL,I,
SELEPVVSL,I,
SLSEQQEKV,I,
REAGHEAEAGSLLL,I,
YLDEIERGF,I,
HEMANGGNQNL,I,
SLKEKVNTA,I,
FAYTGTEM,I,
QEMEEKYSL,I,
KLAKQPETV,I,
AEALNPEVTL,I,
GSSGGGGRGGGSF,I,
RMSEQIFTNV,I,
GLDEGVDSLKA,I,
QLLQHVQAV,I,
SEIEKNDVVF,I,
GEATIGHVEKF,I,
VSQAGKTL,I,
IMEKIRNV,I,
HLPAEFTPA,I,
GIVEGLMTTV,I,
ALMDGKVYDI,I,
YLDQGTQIFL,I,
SEDRSALWAL,I,
FAPDKPGGIL,I,
RMSGEPIQTV,I,
FGEMGGKFM,I,
KILEAVTLV,I,
GEVTSGLQAL,I,
SLNHLLNYV,I,
AEMEYSGANSI,I,
SEDSKLAVSL,I,
ALQESLQKQFL,I,
LEGEDAHLS,I,
NMDDVIYYV,I,
YANKYNIML,I,
GGFGGGSFRGSYG,I,
MAISKPRNL,I,
ALYQKLITSA,I,
YEEKTQKQL,I,
FLIEPEHVNTV,I,
YLKDLIEEV,I,
ALLGPDQPARV,I,
TAVSLVTAL,I,
ISDHAKVL,I,
GLLRDEALAEV,I,
IAAPSGSAA,I,
AQYSGAQVRV,I,
GEDEKTSQTSL,I,
KEENVKTVL,I,
AMLPYDQYL,I,
LDIMTVAGV,I,
NLLIDDKGTIKL,I,
RLLHGLIHNV,I,
KLYSEQRAIRV,I,
AEPPPEAGPRL,I,
GENGFNQAI,I,
AESQPCTSTL,I,
SESSNTTSL,I,
SQYNGNLQDLKV,I,
GGFGGGSRGFG,I,
GEMQIIGGDDL,I,
ALAEQHAVQEL,I,
SMIYEGIRDV,I,
MEDEERNALL,I,
SLIDMRGIETV,I,
YMGEEKLIASV,I,
LLDPNVKSIFV,I,
RLHNQKTGQEV,I,
KLSKENVSV,I,
ALTELGYNV,I,
KESKEESVL,I,
SLSAQDLQTV,I,
SEIFHSQSFL,I,
LLPPPSPSL,I,
SMDPSGAHPS,I,
NMYPQNPDSV,I,
SEKLFGETTL,I,
LLFPHPVNQV,I,
YLLTPVAQA,I,
ALQEKLWNV,I,
KLAELKQECL,I,
TEDPNQLTVNSL,I,
KEDSEHRLVL,I,
VENNDIIIL,I,
AQSGAISKIFV,I,
GLLYPTEDYKV,I,
QLEEEGITFV,I,
IEKGEAEHL,I,
MLSEKHLVSV,I,
LLMPHSAQF,I,
KEFDKNIAL,I,
FQYDHEAFLG,I,
YIHNILYEV,I,
FNPFVTSDR,I,
FLFQEPRSIVT,I,
AEQQQFYLL,I,
GMGSTFIVQGV,I,
SEEPFTTVL,I,
SENSSDLSQKL,I,
RLPEGKPVQV,I,
ALAGHQDGITFI,I,
KEESVPLSIL,I,
KEKTVEDLKSEEL,I,
YLAHFIEGL,I,
YESSEDQYVL,I,
AEESKALIPSL,I,
VLLSPVPEL,I,
KETSESTDL,I,
NPQKAIPVGIVAS,I,
AMFYGDLAEV,I,
RMFDQQEIQV,I,
LLPDPYESERV,I,
RELNQAGQETL,I,
YLLDYPNNL,I,
FAHFPGLASEL,I,
HEFKKHFEL,I,
GLLEPRSGGLTQV,I,
FLVDGPRVQL,I,
YLSEATIGL,I,
ALIEKLVEL,I,
FGGPVISSL,I,
TIDTENSTV,I,
AAKSGGLAL,I,
ALLQGAIESV,I,
AESQAVTEL,I,
EGVALTVTGV,I,
GESGKSTFI,I,
LATEHYSPL,I,
GELGGTVTL,I,
QELKDKSRL,I,
LEEPSADAKL,I,
KEIKEKDSEL,I,
SEIRDIILGM,I,
ALLRRLVRI,I,
KEFETAETL,I,
AENQGTPLL,I,
SEEKLEQVL,I,
GLVKRLHKV,I,
GEDMTPTLL,I,
VLAEQLHQA,I,
FLPPPFPPP,I,
SLISTQNVV,I,
VTNVLSQPL,I,
KEIENGVYL,I,
LLDDHGHIRI,I,
KIDATQVEV,I,
RILGKVERI,I,
PAKSAPAPKKG,I,
ILPSYIPVRV,I,
SVLEDPVHAV,I,
YTLEKVNEA,I,
ALYTVIETV,I,
KLYEKKLLKL,I,
SAIEQGGQGSAL,I,
RELWPPEKL,I,
SQKAEGTGDAK,I,
YIVDHTIIM,I,
TLSERLWGL,I,
GEASIKVPQL,I,
SIVSSLHQA,I,
AAATLTSKLYS,I,
FLKNELDNV,I,
KEVNSAEEL,I,
YAGDGSVL,I,
AVISLEGKPL,I,
KLHENMEKL,I,
TAMDALNSM,I,
SLTEYIHHL,I,
YLDAGQVKSV,I,
MMMVEPHQKV,I,
ALPDNSAGV,I,
AEALIERGQAERL,I,
IMHDYPPLL,I,
REFTEREQGEVR,I,
HLFSGHLSTL,I,
TVDGPSGKL,I,
SEISGDLARL,I,
SMLPVPPAVGP,I,
VLWTGPKVV,I,
KATDVNEKV,I,
TLNEMSHKL,I,
ILASQPGIRKV,I,
KEAEVQTWL,I,
TLSQVIPMV,I,
AEERALRVML,I,
GILSHINTV,I,
RLAELEGREQV,I,
FLFDGSPTYV,I,
GEIARKDEKL,I,
RENREGANLL,I,
KLLKLFQGV,I,
SIRSSYSRF,I,
ILLDNEFHV,I,
ALPSCLPPEV,I,
SEIKKTVVL,I,
GETESSTAGL,I,
RIDEINKELNQV,I,
REDWKQSVEL,I,
SMDEMTAVV,I,
KLPGLQATV,I,
HEWMKSEEL,I,
RLAGVGWRV,I,
GELAKHAVSEG,I,
SLDQKTPEA,I,
TLGEALQGV,I,
ALPQTLPEI,I,
TTEIDNNIEQIS,I,
YAATHPKTEL,I,
AMSPTAAAV,I,
FLDTPIAKV,I,
VLTNKLLTV,I,
QLISKIPHI,I,
YLNEIKDSV,I,
YAECGLRIL,I,
HLAEHADTV,I,
RLIYDTKGRFAV,I,
LLPSVKEDKM,I,
TLIGHLYRV,I,
RLLAYISQV,I,
KIWESFPHQA,I,
AEAGGESGTRAL,I,
SLFTEPSNV,I,
KLPPAPAPL,I,
TIAEVGKWLQA,I,
TEATTSNSSL,I,
YLVAEKVTV,I,
LLSERFINV,I,
RIWGELYKV,I,
SLGKIFAL,I,
AESSTSQSL,I,
LLAEHIKSL,I,
GEIEEKTGKL,I,
LLHQEGAKMAV,I,
TLFDYEVRL,I,
SLAQYLINV,I,
YIDEEGVRYV,I,
AVWKESFQV,I,
ALSQLVPCV,I,
KLWPLPKAL,I,
SENDDRSGSSL,I,
SEFSKNPHI,I,
AEAAAPYTVL,I,
YGKTEVVRL,I,
KETQEKMTIL,I,
SESDKFILL,I,
SLWKEVSEL,I,
LMASKPKEV,I,
TLASPEQLAQFQA,I,
YGAGYSGQNSM,I,
KLYSSEQLLI,I,
AAAAHSTPV,I,
RLSEEASQALI,I,
AMLGHKPVGV,I,
RLFQTRLTET,I,
KLEEAEHKV,I,
QEVSQCFGVL,I,
GEDSQFMIL,I,
REIDDHDAV,I,
ALQKKLEEL,I,
SEFYRDGKYDL,I,
SEMGQQSLL,I,
KIFNKVEKI,I,
YEHEDIKKGILL,I,
TLMQLPTRQEI,I,
ALVDQRELYL,I,
VAAAESMPL,I,
LLIQELSKV,I,
ALWHDAENQTV,I,
AELEESHRHQL,I,
YLLPKDQGITL,I,
REMLHNHSF,I,
LASSDPPAL,I,
KLNKEVTAV,I,
RELASKQVI,I,
GMWQEEVTV,I,
YLDASLITV,I,
SLIGHLQTL,I,
AALSGTLSGV,I,
RLIDPGFGIYKV,I,
RLMRAIFEI,I,
KLWEGLTEL,I,
ALLEGVNTVV,I,
ALMPQLVQL,I,
REILEENAERRL,I,
KLWSRSLKL,I,
SEGESGGSMHTAL,I,
TEADGFVL,I,
ALSSLAVVV,I,
YEDFHIVKL,I,
QMIEQIQFV,I,
SEMEDKTTANL,I,
YEIFSKEVF,I,
RELDQQKLWL,I,
KLQEQIFHL,I,
KLLGPKINFV,I,
KMQDDNQVMV,I,
REENKSDMNTVL,I,
TEFQGHKVIL,I,
FLLGPRLVLA,I,
HLYVLEHNL,I,
KLLDMVGKVQI,I,
FLDYGENLV,I,
KVLEDQQNIRL,I,
GLSEFTEYL,I,
SEVDKTKEEL,I,
FVAGYIAGV,I,
GEINVIGEPFL,I,
SLLEKQQIYL,I,
YSIYVYKVL,I,
RELEHSYFEL,I,
ALAESAGPLHQL,I,
KQWETQPGFYSV,I,
FLPESVAVV,I,
KLLEGTIVNV,I,
MEFNPVQQPQL,I,
KEFCAFSQTL,I,
TLLESDLYRAV,I,
ALLETNPYLL,I,
FLNTQHILL,I,
RLADFNIYQV,I,
YEIIEKNLL,I,
SMLEEGKEPWTV,I,
FISEEHGFLL,I,
FLIGPKLYEA,I,
SMLPATPWGV,I,
WLIEDGKVVTV,I,
SEEKTPEQIM,I,
GEDNFRYFL,I,
SMADIPLGFGV,I,
GLLEDERALQL,I,
TLMNLGGLAVA,I,
SEGSIFQEL,I,
KEAEFQRHVL,I,
ALFQRPPLIA,I,
SMAPGLVIQAV,I,
WEAGKPLSI,I,
SLHPGSSAL,I,
RLAGSLTDV,I,
EAALEAAVL,I,
QEIRDMFHL,I,
KLLDKISSV,I,
LSETPANPL,I,
REIRDIETL,I,
RELSKTRSL,I,
AMTHITEGI,I,
REESRKQAL,I,
KKDGENVSM,I,
RLKDDLEKV,I,
RVVDNPIYL,I,
AAGVGDMVM,I,
GEFKQTSSF,I,
KLGESLQSA,I,
GLSPLRPPSV,I,
EEEAARVAL,I,
GLSEEKPLSV,I,
FAVVPSTATV,I,
SLAPAGVIRV,I,
KLVDPLYSI,I,
SEERQLAVL,I,
VMASPGGLSAV,I,
KMKETLQNV,I,
TAISHSSQV,I,
AEAVQKFFL,I,
YIFDNVAKV,I,
KLADAKIFL,I,
QLLDFSQKL,I,
AAALPGQPM,I,
GEPVALSEEERL,I,
NLPAPHIMPGV,I,
GEDVRSALL,I,
KLMGQIHQL,I,
LMYDAVHVV,I,
KLRHIVDEV,I,
ITSSVLHYV,I,
LESESVNPIL,I,
LLSEEEYHL,I,
ALDVQGIYRV,I,
SETAPAAPAAPAPA,I,
AEIINPKTAL,I,
LESVGKGAVHDVKD,I,
SLFGQKHNAV,I,
YEIHDGMNLEL,I,
KEIETFVSL,I,
IEDKTFQVL,I,
YASGSSASLGGP,I,
KLIDRENFV,I,
TEEGNPEVL,I,
IEDTSQAQEL,I,
ALNEVHLV,I,
ILLPYVSKV,I,
GETHTGTAL,I,
TGAGISPVI,I,
KLNTAVRQV,I,
KLFAAQPAQL,I,
SEGPSLEDL,I,
QELEHNNSL,I,
KILEETLYV,I,
ILHGEVNKV,I,
REMDSDIETM,I,
YLFHVQEV,I,
KELSEKDIGNQL,I,
KLDSGKELKI,I,
MAIHKALVM,I,
LMDSYGPKKV,I,
GELGKKITEL,I,
RMANRDLLSSV,I,
HATHPGTSV,I,
FEDSNYVYL,I,
FLASDVQQL,I,
AEIQGNVKVL,I,
REHNPNTEL,I,
QLDVLTQTV,I,
QEHQQATEL,I,
AISEHVENA,I,
AEFGRREIEI,I,
LMPVIPKGSSV,I,
MVDLRGAKV,I,
IAQDHRSSL,I,
ALILGKIKNV,I,
FATHAAAL,I,
AGAPVHLGQGQFL,I,
SEHGEKLYL,I,
RLFEASDPYQVHV,I,
AELQFGNQTL,I,
FASETNLDF,I,
ALLDNGTRYNL,I,
SLAELKGFEV,I,
ALLEGVNTVVV,I,
YMIPSIRNGIL,I,
KLLEPDDKLFI,I,
NLLDSNAVHHI,I,
LLWDKIHKL,I,
AEAATKILTEL,I,
FLIEEQKIV,I,
AELALQKKYSEEL,I,
YESEHGINIDL,I,
TLAEVRAVQEI,I,
FLNNQEYVL,I,
FSSANSPFL,I,
KLLNDEDQVVV,I,
AEAVYPDTVAL,I,
